50
0,6,3,10
1,8,3,10
2,3,3,10
3,5,3,10
4,4,3,10
5,4,3,10
6,4,3,10
7,5,3,10
8,6,3,10
9,7,3,10
10,6,3,10
11,8,3,10
12,4,3,10
13,9,3,10
14,3,3,10
15,8,3,10
16,6,3,10
17,7,3,10
18,4,3,10
19,4,3,10
20,9,3,10
21,10,3,10
22,5,3,10
23,8,3,10
24,9,3,10
25,9,3,10
26,4,3,10
27,3,3,10
28,4,3,10
29,9,3,10
30,4,3,10
31,6,3,10
32,10,3,10
33,7,3,10
34,8,3,10
35,5,3,10
36,8,3,10
37,9,3,10
38,3,3,10
39,8,3,10
40,10,3,10
41,8,3,10
42,5,3,10
43,9,3,10
44,4,3,10
45,6,3,10
46,9,3,10
47,5,3,10
48,5,3,10
49,4,3,10
49
0,1,2
48,49
47,49
46,49
1,3,10,23,37,38
2,4,5
4,6,24,28,33
5,7,8,12,13
6,9,14,32
10,11
8,15
13,16
3,17,18,25
17,19,26
16,20,22,41
11,21
19,27,30,31
25,29
18,34,48
21,35
23,36
29,39
31,40
33,42
28,43
42,44
44,45
45,46
43,47
7,9
9,46
12,19
14,15
15,31
20,31
22,26
24,45
26,39
27,44
30,48
32,44
34,36
35,42
36,40
37,44
38,45
39,44
40,44
41,48
