50
0,6,3,10
1,8,3,10
2,3,3,10
3,5,3,10
4,4,3,10
5,4,3,10
6,4,3,10
7,5,3,10
8,6,3,10
9,7,3,10
10,6,3,10
11,8,3,10
12,4,3,10
13,9,3,10
14,3,3,10
15,8,3,10
16,6,3,10
17,7,3,10
18,4,3,10
19,4,3,10
20,9,3,10
21,10,3,10
22,5,3,10
23,8,3,10
24,9,3,10
25,9,3,10
26,4,3,10
27,3,3,10
28,4,3,10
29,9,3,10
30,4,3,10
31,6,3,10
32,10,3,10
33,7,3,10
34,8,3,10
35,5,3,10
36,8,3,10
37,9,3,10
38,3,3,10
39,8,3,10
40,10,3,10
41,8,3,10
42,5,3,10
43,9,3,10
44,4,3,10
45,6,3,10
46,9,3,10
47,5,3,10
48,5,3,10
49,4,3,10
49
0,1,2
48,49
47,49
46,49
1,3,7,46
3,4,5,9,22,29
5,6,8,13
2,10
9,11,14,15,23,40
7,12
10,16,31,42
4,17,35
6,18,20,48
13,19
14,21
19,24,30
23,25
21,26
22,27
17,28
11,32
15,33
30,34
28,36,41
34,37
33,38
29,39
38,43
12,44
8,45
37,47
16,43
18,21
20,21
24,34
25,27
26,41
27,32
31,35
32,34
35,48
36,39
39,43
40,41
41,44
42,46
43,47
44,45
45,47
