50
0,6,3,10
1,8,3,10
2,3,3,10
3,5,3,10
4,4,3,10
5,4,3,10
6,4,3,10
7,5,3,10
8,6,3,10
9,7,3,10
10,6,3,10
11,8,3,10
12,4,3,10
13,9,3,10
14,3,3,10
15,8,3,10
16,6,3,10
17,7,3,10
18,4,3,10
19,4,3,10
20,9,3,10
21,10,3,10
22,5,3,10
23,8,3,10
24,9,3,10
25,9,3,10
26,4,3,10
27,3,3,10
28,4,3,10
29,9,3,10
30,4,3,10
31,6,3,10
32,10,3,10
33,7,3,10
34,8,3,10
35,5,3,10
36,8,3,10
37,9,3,10
38,3,3,10
39,8,3,10
40,10,3,10
41,8,3,10
42,5,3,10
43,9,3,10
44,4,3,10
45,6,3,10
46,9,3,10
47,5,3,10
48,5,3,10
49,4,3,10
49
0,1,2
48,49
47,49
46,49
1,3,8,14,24,29
2,4,5,6,7,18,33,42
7,9,26,34
6,10,20
3,11,23,39
8,12,19,31,41
12,13,16,45
10,15
11,17,22
19,21,30,46
22,25
20,27,32
17,28
32,35
21,36
4,37
34,38
16,40
42,43,48
37,44
15,47
5,8
9,28
13,48
14,21
18,46
23,27
24,46
25,41
26,48
27,34
28,43
29,36
30,34
31,37
33,37
35,46
36,43
38,40
39,41
40,43
41,43
43,44
44,47
45,46
