50
0,6,3,10
1,8,3,10
2,3,3,10
3,5,3,10
4,4,3,10
5,4,3,10
6,4,3,10
7,5,3,10
8,6,3,10
9,7,3,10
10,6,3,10
11,8,3,10
12,4,3,10
13,9,3,10
14,3,3,10
15,8,3,10
16,6,3,10
17,7,3,10
18,4,3,10
19,4,3,10
20,9,3,10
21,10,3,10
22,5,3,10
23,8,3,10
24,9,3,10
25,9,3,10
26,4,3,10
27,3,3,10
28,4,3,10
29,9,3,10
30,4,3,10
31,6,3,10
32,10,3,10
33,7,3,10
34,8,3,10
35,5,3,10
36,8,3,10
37,9,3,10
38,3,3,10
39,8,3,10
40,10,3,10
41,8,3,10
42,5,3,10
43,9,3,10
44,4,3,10
45,6,3,10
46,9,3,10
47,5,3,10
48,5,3,10
49,4,3,10
49
0,1,2
48,49
47,49
46,49
2,3,4,11,15,37,48
3,5,7,22,25
5,6,8,29,40
8,9,14
7,10,13,17,31
11,12,19,39,41
10,16,33
12,18,24
6,20
20,21
14,23
22,26,27,35
17,28
1,30,43
23,32
30,34,46
27,36
25,38
38,42
24,44
34,45
35,47
4,7
9,20
13,24
15,45
16,27
18,25
19,23
21,23
26,43
28,43
29,41
31,33
32,38
33,38
36,44
37,44
39,43
40,41
41,47
42,47
43,44
44,47
45,47
