50
0,6,3,10
1,8,3,10
2,3,3,10
3,5,3,10
4,4,3,10
5,4,3,10
6,4,3,10
7,5,3,10
8,6,3,10
9,7,3,10
10,6,3,10
11,8,3,10
12,4,3,10
13,9,3,10
14,3,3,10
15,8,3,10
16,6,3,10
17,7,3,10
18,4,3,10
19,4,3,10
20,9,3,10
21,10,3,10
22,5,3,10
23,8,3,10
24,9,3,10
25,9,3,10
26,4,3,10
27,3,3,10
28,4,3,10
29,9,3,10
30,4,3,10
31,6,3,10
32,10,3,10
33,7,3,10
34,8,3,10
35,5,3,10
36,8,3,10
37,9,3,10
38,3,3,10
39,8,3,10
40,10,3,10
41,8,3,10
42,5,3,10
43,9,3,10
44,4,3,10
45,6,3,10
46,9,3,10
47,5,3,10
48,5,3,10
49,4,3,10
49
0,1,2
48,49
47,49
46,49
1,3
3,4,7,13,26,27
4,5,6,12
7,8,20,22,36,37
5,9,31,39
8,10,32
9,11
2,14,15
14,16
10,17,43
15,18,21
18,19,25,29
6,23,40,41
12,24
22,28,34
11,30
23,33
28,35,46
33,38
41,42
21,44
40,45
35,47
38,48
13,17
16,24
17,21
19,34
20,38
24,36
25,27
26,34
27,33
29,39
30,41
31,33
32,42
34,46
36,40
37,39
39,46
42,47
43,45
44,45
45,47
