50
0,6,3,10
1,8,3,10
2,3,3,10
3,5,3,10
4,4,3,10
5,4,3,10
6,4,3,10
7,5,3,10
8,6,3,10
9,7,3,10
10,6,3,10
11,8,3,10
12,4,3,10
13,9,3,10
14,3,3,10
15,8,3,10
16,6,3,10
17,7,3,10
18,4,3,10
19,4,3,10
20,9,3,10
21,10,3,10
22,5,3,10
23,8,3,10
24,9,3,10
25,9,3,10
26,4,3,10
27,3,3,10
28,4,3,10
29,9,3,10
30,4,3,10
31,6,3,10
32,10,3,10
33,7,3,10
34,8,3,10
35,5,3,10
36,8,3,10
37,9,3,10
38,3,3,10
39,8,3,10
40,10,3,10
41,8,3,10
42,5,3,10
43,9,3,10
44,4,3,10
45,6,3,10
46,9,3,10
47,5,3,10
48,5,3,10
49,4,3,10
49
0,1,2
48,49
47,49
46,49
2,3,12,24,31
1,4,16,20,23
3,5,9,42
4,6,17
5,7,10,30
6,8,34
7,11
11,13,18
10,14,22,47
12,15,21,25
13,19,41,45
15,26
18,27,33
17,28
21,29
20,32,35
28,36
31,37
30,38
23,39,48
36,40,46
37,43
26,44
8,21
9,14
14,21
16,25
19,39
22,39
24,40
25,41
27,36
29,35
32,42
33,36
34,35
35,38
38,46
39,40
40,44
41,43
42,46
43,44
44,49
45,46
