50
0,6,3,10
1,8,3,10
2,3,3,10
3,5,3,10
4,4,3,10
5,4,3,10
6,4,3,10
7,5,3,10
8,6,3,10
9,7,3,10
10,6,3,10
11,8,3,10
12,4,3,10
13,9,3,10
14,3,3,10
15,8,3,10
16,6,3,10
17,7,3,10
18,4,3,10
19,4,3,10
20,9,3,10
21,10,3,10
22,5,3,10
23,8,3,10
24,9,3,10
25,9,3,10
26,4,3,10
27,3,3,10
28,4,3,10
29,9,3,10
30,4,3,10
31,6,3,10
32,10,3,10
33,7,3,10
34,8,3,10
35,5,3,10
36,8,3,10
37,9,3,10
38,3,3,10
39,8,3,10
40,10,3,10
41,8,3,10
42,5,3,10
43,9,3,10
44,4,3,10
45,6,3,10
46,9,3,10
47,5,3,10
48,5,3,10
49,4,3,10
49
0,1,2
48,49
47,49
46,49
2,3,4,5,16,31
3,6,11
1,7,8,20,43
6,9,12
9,10
8,13,19
7,14,17,48
13,15,26,41
10,18,25,38,47
16,21,40,42
5,22,27
14,23
17,24
24,28,36,39
23,29
21,30
27,32
22,33
31,34
4,35
15,37
11,44
43,45
18,46
12,26
19,26
20,29
25,41
26,27
28,31
29,42
30,33
32,45
33,43
34,45
35,43
36,38
37,44
38,44
39,44
40,46
41,48
42,47
44,45
45,46
