50
0,6,3,10
1,8,3,10
2,3,3,10
3,5,3,10
4,4,3,10
5,4,3,10
6,4,3,10
7,5,3,10
8,6,3,10
9,7,3,10
10,6,3,10
11,8,3,10
12,4,3,10
13,9,3,10
14,3,3,10
15,8,3,10
16,6,3,10
17,7,3,10
18,4,3,10
19,4,3,10
20,9,3,10
21,10,3,10
22,5,3,10
23,8,3,10
24,9,3,10
25,9,3,10
26,4,3,10
27,3,3,10
28,4,3,10
29,9,3,10
30,4,3,10
31,6,3,10
32,10,3,10
33,7,3,10
34,8,3,10
35,5,3,10
36,8,3,10
37,9,3,10
38,3,3,10
39,8,3,10
40,10,3,10
41,8,3,10
42,5,3,10
43,9,3,10
44,4,3,10
45,6,3,10
46,9,3,10
47,5,3,10
48,5,3,10
49,4,3,10
49
0,1,2
48,49
47,49
46,49
1,3,11,19,24,48
3,4,12,31
2,5,6,8,10,14,16
4,7,15,17
7,9
5,13,37
10,18
16,20
17,21
19,22,28,29,35,45
20,23,41
21,25
25,26
13,27,30
15,32,36,46
6,33
18,34
29,38
11,39
9,40,44
40,42
36,43
24,47
8,18
12,45
14,38
22,46
23,36
26,44
27,45
28,40
30,43
31,46
32,38
33,37
34,39
35,37
37,47
38,39
39,41
41,43
42,46
43,47
44,46
45,46
