50
0,6,3,10
1,8,3,10
2,3,3,10
3,5,3,10
4,4,3,10
5,4,3,10
6,4,3,10
7,5,3,10
8,6,3,10
9,7,3,10
10,6,3,10
11,8,3,10
12,4,3,10
13,9,3,10
14,3,3,10
15,8,3,10
16,6,3,10
17,7,3,10
18,4,3,10
19,4,3,10
20,9,3,10
21,10,3,10
22,5,3,10
23,8,3,10
24,9,3,10
25,9,3,10
26,4,3,10
27,3,3,10
28,4,3,10
29,9,3,10
30,4,3,10
31,6,3,10
32,10,3,10
33,7,3,10
34,8,3,10
35,5,3,10
36,8,3,10
37,9,3,10
38,3,3,10
39,8,3,10
40,10,3,10
41,8,3,10
42,5,3,10
43,9,3,10
44,4,3,10
45,6,3,10
46,9,3,10
47,5,3,10
48,5,3,10
49,4,3,10
49
0,1,2
48,49
47,49
46,49
2,3,5,10,14,31,36,47
1,4,7,9,41
5,6,39
4,8,26
8,11,13
7,12,17,25
11,15,20,22,23,35
9,16,27
12,18,28,29,33
3,19,30
14,21,42
23,24
19,32,37
24,34
32,38,44
27,40
33,43
39,45
16,46
35,48
6,19
10,16
13,48
15,48
17,37
18,45
20,28
21,32
22,37
25,35
26,34
28,30
29,32
30,43
31,41
34,47
36,46
37,43
38,46
40,42
41,44
42,43
43,48
44,46
45,46
