50
0,6,3,10
1,8,3,10
2,3,3,10
3,5,3,10
4,4,3,10
5,4,3,10
6,4,3,10
7,5,3,10
8,6,3,10
9,7,3,10
10,6,3,10
11,8,3,10
12,4,3,10
13,9,3,10
14,3,3,10
15,8,3,10
16,6,3,10
17,7,3,10
18,4,3,10
19,4,3,10
20,9,3,10
21,10,3,10
22,5,3,10
23,8,3,10
24,9,3,10
25,9,3,10
26,4,3,10
27,3,3,10
28,4,3,10
29,9,3,10
30,4,3,10
31,6,3,10
32,10,3,10
33,7,3,10
34,8,3,10
35,5,3,10
36,8,3,10
37,9,3,10
38,3,3,10
39,8,3,10
40,10,3,10
41,8,3,10
42,5,3,10
43,9,3,10
44,4,3,10
45,6,3,10
46,9,3,10
47,5,3,10
48,5,3,10
49,4,3,10
49
0,1,2
48,49
47,49
46,49
1,3,13
2,4,5,40
4,6,7,10,24,41
6,8,14,15,26
7,9,31
3,11,18,30
10,12,23,37,43
13,16,44
9,17,19,29
17,20,22
15,21
24,25,32,36
14,27
26,28,39
29,33
33,34
34,35,42
35,38
12,45
38,46
19,47
41,48
5,44
8,19
11,38
16,39
18,32
20,33
21,29
22,39
23,26
25,38
27,38
28,29
30,39
31,39
32,33
36,47
37,39
39,46
40,43
42,48
43,44
44,46
45,47
