50
0,6,3,10
1,8,3,10
2,3,3,10
3,5,3,10
4,4,3,10
5,4,3,10
6,4,3,10
7,5,3,10
8,6,3,10
9,7,3,10
10,6,3,10
11,8,3,10
12,4,3,10
13,9,3,10
14,3,3,10
15,8,3,10
16,6,3,10
17,7,3,10
18,4,3,10
19,4,3,10
20,9,3,10
21,10,3,10
22,5,3,10
23,8,3,10
24,9,3,10
25,9,3,10
26,4,3,10
27,3,3,10
28,4,3,10
29,9,3,10
30,4,3,10
31,6,3,10
32,10,3,10
33,7,3,10
34,8,3,10
35,5,3,10
36,8,3,10
37,9,3,10
38,3,3,10
39,8,3,10
40,10,3,10
41,8,3,10
42,5,3,10
43,9,3,10
44,4,3,10
45,6,3,10
46,9,3,10
47,5,3,10
48,5,3,10
49,4,3,10
49
0,1,2
48,49
47,49
46,49
2,3,13
1,4
4,5,6
5,7,16
7,8,10,20
8,9,11,28,33
3,12,17,23,30,37
13,14,22,34
6,15
16,18
18,19,21
10,24
20,25,26,29
17,27,44,48
19,31
12,32
15,35,39
21,36,47
25,38
29,40
39,41
31,42,46
40,43
43,45
9,39
11,38
14,30
22,43
23,35
24,26
26,32
27,32
28,37
30,43
32,35
33,34
34,48
35,36
36,38
37,40
38,45
41,45
42,43
44,47
45,49
