50
0,6,3,10
1,8,3,10
2,3,3,10
3,5,3,10
4,4,3,10
5,4,3,10
6,4,3,10
7,5,3,10
8,6,3,10
9,7,3,10
10,6,3,10
11,8,3,10
12,4,3,10
13,9,3,10
14,3,3,10
15,8,3,10
16,6,3,10
17,7,3,10
18,4,3,10
19,4,3,10
20,9,3,10
21,10,3,10
22,5,3,10
23,8,3,10
24,9,3,10
25,9,3,10
26,4,3,10
27,3,3,10
28,4,3,10
29,9,3,10
30,4,3,10
31,6,3,10
32,10,3,10
33,7,3,10
34,8,3,10
35,5,3,10
36,8,3,10
37,9,3,10
38,3,3,10
39,8,3,10
40,10,3,10
41,8,3,10
42,5,3,10
43,9,3,10
44,4,3,10
45,6,3,10
46,9,3,10
47,5,3,10
48,5,3,10
49,4,3,10
49
0,1,2
48,49
47,49
46,49
1,3,4,34
4,5,6,18
6,7
3,8,10,21
5,9,30,44
2,11,13,37
10,12,17,43
9,14,15,26
11,16,23
15,19
7,20,40
14,22,24
20,25,33,35
25,27
16,28,32
27,29
19,31
26,36
33,38
29,39
21,41
22,42
44,45
17,46
39,47
35,48
8,12
12,39
13,17
18,36
23,39
24,47
28,35
30,45
31,45
32,48
34,44
36,43
37,44
38,44
40,41
41,46
42,45
43,46
45,47
