50
0,6,3,10
1,8,3,10
2,3,3,10
3,5,3,10
4,4,3,10
5,4,3,10
6,4,3,10
7,5,3,10
8,6,3,10
9,7,3,10
10,6,3,10
11,8,3,10
12,4,3,10
13,9,3,10
14,3,3,10
15,8,3,10
16,6,3,10
17,7,3,10
18,4,3,10
19,4,3,10
20,9,3,10
21,10,3,10
22,5,3,10
23,8,3,10
24,9,3,10
25,9,3,10
26,4,3,10
27,3,3,10
28,4,3,10
29,9,3,10
30,4,3,10
31,6,3,10
32,10,3,10
33,7,3,10
34,8,3,10
35,5,3,10
36,8,3,10
37,9,3,10
38,3,3,10
39,8,3,10
40,10,3,10
41,8,3,10
42,5,3,10
43,9,3,10
44,4,3,10
45,6,3,10
46,9,3,10
47,5,3,10
48,5,3,10
49,4,3,10
49
0,1,2
48,49
47,49
46,49
2,3,4,5,11,30
5,6
6,7,12
1,8,20,32
8,9,27,37
9,10,13,19
12,14,42
4,15
15,16,18,25
10,17,24,48
14,21
21,22,40
22,23,29
24,26
23,28
18,31,33,36
28,34
11,35,38
31,39
32,41
20,43
36,44
17,45
7,46
27,47
3,28
13,21
16,20
19,47
25,42
26,40
29,46
30,42
33,38
34,38
35,39
37,40
38,48
39,40
40,41
41,47
42,45
43,45
44,45
45,47
