50
0,6,3,10
1,8,3,10
2,3,3,10
3,5,3,10
4,4,3,10
5,4,3,10
6,4,3,10
7,5,3,10
8,6,3,10
9,7,3,10
10,6,3,10
11,8,3,10
12,4,3,10
13,9,3,10
14,3,3,10
15,8,3,10
16,6,3,10
17,7,3,10
18,4,3,10
19,4,3,10
20,9,3,10
21,10,3,10
22,5,3,10
23,8,3,10
24,9,3,10
25,9,3,10
26,4,3,10
27,3,3,10
28,4,3,10
29,9,3,10
30,4,3,10
31,6,3,10
32,10,3,10
33,7,3,10
34,8,3,10
35,5,3,10
36,8,3,10
37,9,3,10
38,3,3,10
39,8,3,10
40,10,3,10
41,8,3,10
42,5,3,10
43,9,3,10
44,4,3,10
45,6,3,10
46,9,3,10
47,5,3,10
48,5,3,10
49,4,3,10
49
0,1,2
48,49
47,49
46,49
1,3,5,7
3,4,8,13
5,6,39,40,43
8,9,10,11,22,26,36
4,12
10,14,23
9,15
14,16,19,32
13,17,24
11,18
17,20
16,21,30,48
18,25
22,27,35
15,28,33
28,29,47
6,31
29,34,42
25,37
35,38
36,41
26,44
27,45
19,46
2,40
7,17
12,48
20,33
21,47
23,31
24,42
30,42
31,46
32,45
33,44
34,38
37,38
38,45
39,41
40,48
41,45
42,46
43,45
44,47
45,46
