50
0,6,3,10
1,8,3,10
2,3,3,10
3,5,3,10
4,4,3,10
5,4,3,10
6,4,3,10
7,5,3,10
8,6,3,10
9,7,3,10
10,6,3,10
11,8,3,10
12,4,3,10
13,9,3,10
14,3,3,10
15,8,3,10
16,6,3,10
17,7,3,10
18,4,3,10
19,4,3,10
20,9,3,10
21,10,3,10
22,5,3,10
23,8,3,10
24,9,3,10
25,9,3,10
26,4,3,10
27,3,3,10
28,4,3,10
29,9,3,10
30,4,3,10
31,6,3,10
32,10,3,10
33,7,3,10
34,8,3,10
35,5,3,10
36,8,3,10
37,9,3,10
38,3,3,10
39,8,3,10
40,10,3,10
41,8,3,10
42,5,3,10
43,9,3,10
44,4,3,10
45,6,3,10
46,9,3,10
47,5,3,10
48,5,3,10
49,4,3,10
49
0,1,2
48,49
47,49
46,49
2,3,5,6,17
1,4,25
4,7,8,19
5,9,10,14,23
6,11,12,27,43
7,13,16
8,15
15,18,34,36
19,20,26,28
14,21,22,40
10,24,33,42
21,29,31,47
11,30,32
25,35
27,37,39
17,38
20,41
16,44
30,45
42,46
24,48
3,9
9,12
12,41
13,30
18,22
22,27
23,40
26,27
28,30
29,46
31,33
32,34
33,44
34,38
35,46
36,47
37,44
38,42
39,44
40,45
41,45
43,44
44,45
45,46
