50
0,6,3,10
1,8,3,10
2,3,3,10
3,5,3,10
4,4,3,10
5,4,3,10
6,4,3,10
7,5,3,10
8,6,3,10
9,7,3,10
10,6,3,10
11,8,3,10
12,4,3,10
13,9,3,10
14,3,3,10
15,8,3,10
16,6,3,10
17,7,3,10
18,4,3,10
19,4,3,10
20,9,3,10
21,10,3,10
22,5,3,10
23,8,3,10
24,9,3,10
25,9,3,10
26,4,3,10
27,3,3,10
28,4,3,10
29,9,3,10
30,4,3,10
31,6,3,10
32,10,3,10
33,7,3,10
34,8,3,10
35,5,3,10
36,8,3,10
37,9,3,10
38,3,3,10
39,8,3,10
40,10,3,10
41,8,3,10
42,5,3,10
43,9,3,10
44,4,3,10
45,6,3,10
46,9,3,10
47,5,3,10
48,5,3,10
49,4,3,10
49
0,1,2
48,49
47,49
46,49
2,3,6,11
3,4,5,7,15,29
6,8,9,26,36
4,10,19
11,12,18,34,39
1,13,14,16,20,21
7,17
19,22
21,23,31
16,24,33
13,25
14,27
26,28
18,30,37
15,32
10,35,47
29,38
20,40,41
5,42
33,43
40,44
44,45
35,46,48
8,41
9,19
12,24
17,31
22,34
23,42
24,32
25,40
27,37
28,34
30,32
31,39
32,41
34,47
36,48
37,48
38,46
39,47
41,45
42,43
43,44
45,47
