50
0,6,3,10
1,8,3,10
2,3,3,10
3,5,3,10
4,4,3,10
5,4,3,10
6,4,3,10
7,5,3,10
8,6,3,10
9,7,3,10
10,6,3,10
11,8,3,10
12,4,3,10
13,9,3,10
14,3,3,10
15,8,3,10
16,6,3,10
17,7,3,10
18,4,3,10
19,4,3,10
20,9,3,10
21,10,3,10
22,5,3,10
23,8,3,10
24,9,3,10
25,9,3,10
26,4,3,10
27,3,3,10
28,4,3,10
29,9,3,10
30,4,3,10
31,6,3,10
32,10,3,10
33,7,3,10
34,8,3,10
35,5,3,10
36,8,3,10
37,9,3,10
38,3,3,10
39,8,3,10
40,10,3,10
41,8,3,10
42,5,3,10
43,9,3,10
44,4,3,10
45,6,3,10
46,9,3,10
47,5,3,10
48,5,3,10
49,4,3,10
49
0,1,2
48,49
47,49
46,49
1,3,7,22,36
3,4,5,6,14
4,8,20
5,9,21,27,42
9,10,13,47
8,11
7,12
2,15
11,16
12,17,18,28,29,46
18,19
21,23
20,24
24,25,34
10,26
27,30,31
25,32
14,33
15,35,37
29,38
31,39,43
23,40
35,41
17,44
38,45
6,48
13,30
16,31
19,25
22,35
26,30
28,33
30,33
32,44
33,45
34,38
36,48
37,41
39,44
40,45
41,46
42,44
43,48
44,48
45,48
