50
0,6,3,10
1,8,3,10
2,3,3,10
3,5,3,10
4,4,3,10
5,4,3,10
6,4,3,10
7,5,3,10
8,6,3,10
9,7,3,10
10,6,3,10
11,8,3,10
12,4,3,10
13,9,3,10
14,3,3,10
15,8,3,10
16,6,3,10
17,7,3,10
18,4,3,10
19,4,3,10
20,9,3,10
21,10,3,10
22,5,3,10
23,8,3,10
24,9,3,10
25,9,3,10
26,4,3,10
27,3,3,10
28,4,3,10
29,9,3,10
30,4,3,10
31,6,3,10
32,10,3,10
33,7,3,10
34,8,3,10
35,5,3,10
36,8,3,10
37,9,3,10
38,3,3,10
39,8,3,10
40,10,3,10
41,8,3,10
42,5,3,10
43,9,3,10
44,4,3,10
45,6,3,10
46,9,3,10
47,5,3,10
48,5,3,10
49,4,3,10
49
0,1,2
48,49
47,49
46,49
2,3,5,10
3,4,8,48
1,6,13,26
4,7,37
7,9,11
11,12,22,33
9,14
5,15,17,19,21,27
12,16,23,39
15,18
14,20,28
18,24
8,25
21,29,43
28,30
19,31,38
27,32
23,34
16,35
35,36,46
10,40
40,41
30,42
25,44
13,45
41,47
6,7
17,41
20,47
22,27
24,42
26,47
29,36
31,32
32,47
33,40
34,46
36,45
37,42
38,42
39,41
42,47
43,47
44,47
45,47
