50
0,6,3,10
1,8,3,10
2,3,3,10
3,5,3,10
4,4,3,10
5,4,3,10
6,4,3,10
7,5,3,10
8,6,3,10
9,7,3,10
10,6,3,10
11,8,3,10
12,4,3,10
13,9,3,10
14,3,3,10
15,8,3,10
16,6,3,10
17,7,3,10
18,4,3,10
19,4,3,10
20,9,3,10
21,10,3,10
22,5,3,10
23,8,3,10
24,9,3,10
25,9,3,10
26,4,3,10
27,3,3,10
28,4,3,10
29,9,3,10
30,4,3,10
31,6,3,10
32,10,3,10
33,7,3,10
34,8,3,10
35,5,3,10
36,8,3,10
37,9,3,10
38,3,3,10
39,8,3,10
40,10,3,10
41,8,3,10
42,5,3,10
43,9,3,10
44,4,3,10
45,6,3,10
46,9,3,10
47,5,3,10
48,5,3,10
49,4,3,10
49
0,1,2
48,49
47,49
46,49
1,3,6,10,48
2,4,32
3,5,30,31,42
4,7,9,23
5,8,20,27,44
7,11,14
6,12,17,34,37,38
10,13,15,16,33
13,18
18,19
20,21
17,22,26
14,24
19,25,39
9,28
24,29,35
15,36
29,40
23,41
12,43
11,45
25,46
26,47
8,17
16,28
21,24
22,24
27,40
28,40
30,33
31,47
32,37
33,40
34,44
35,36
36,39
37,41
38,41
39,43
40,47
41,46
42,43
43,47
44,46
45,48
