50
0,6,3,10
1,8,3,10
2,3,3,10
3,5,3,10
4,4,3,10
5,4,3,10
6,4,3,10
7,5,3,10
8,6,3,10
9,7,3,10
10,6,3,10
11,8,3,10
12,4,3,10
13,9,3,10
14,3,3,10
15,8,3,10
16,6,3,10
17,7,3,10
18,4,3,10
19,4,3,10
20,9,3,10
21,10,3,10
22,5,3,10
23,8,3,10
24,9,3,10
25,9,3,10
26,4,3,10
27,3,3,10
28,4,3,10
29,9,3,10
30,4,3,10
31,6,3,10
32,10,3,10
33,7,3,10
34,8,3,10
35,5,3,10
36,8,3,10
37,9,3,10
38,3,3,10
39,8,3,10
40,10,3,10
41,8,3,10
42,5,3,10
43,9,3,10
44,4,3,10
45,6,3,10
46,9,3,10
47,5,3,10
48,5,3,10
49,4,3,10
49
0,1,2
48,49
47,49
46,49
2,3,4,6,9
3,5,7,17
4,8,26
7,10,15
1,11,12,29,37,48
12,13,30
5,14
6,16,25
17,18
14,19,23
10,20
9,21,39,40
19,22
20,24,38
22,27
27,28
29,31,35
16,32
11,33,46
32,34,41,42
24,36
37,43,44
15,45
36,47
8,27
13,15
18,46
21,33
23,33
25,30
26,42
28,41
30,32
31,33
33,38
34,35
35,43
38,43
39,43
40,43
41,44
42,47
43,45
44,45
45,47
