50
0,6,3,10
1,8,3,10
2,3,3,10
3,5,3,10
4,4,3,10
5,4,3,10
6,4,3,10
7,5,3,10
8,6,3,10
9,7,3,10
10,6,3,10
11,8,3,10
12,4,3,10
13,9,3,10
14,3,3,10
15,8,3,10
16,6,3,10
17,7,3,10
18,4,3,10
19,4,3,10
20,9,3,10
21,10,3,10
22,5,3,10
23,8,3,10
24,9,3,10
25,9,3,10
26,4,3,10
27,3,3,10
28,4,3,10
29,9,3,10
30,4,3,10
31,6,3,10
32,10,3,10
33,7,3,10
34,8,3,10
35,5,3,10
36,8,3,10
37,9,3,10
38,3,3,10
39,8,3,10
40,10,3,10
41,8,3,10
42,5,3,10
43,9,3,10
44,4,3,10
45,6,3,10
46,9,3,10
47,5,3,10
48,5,3,10
49,4,3,10
49
0,1,2
48,49
47,49
46,49
1,3,6
3,4,8,27,29,31
2,5,13
6,7
7,9,33
5,10,17,32
9,11,12,16,23
8,14,18
14,15,25,45
16,19,39
17,20,24
20,21
18,22,43
10,26,42
15,28,38
19,30,35
27,34
33,36
34,37,48
37,40
38,41
42,44
32,46
28,47
4,13
11,34
12,21
13,24
21,35
22,38
23,27
24,46
25,46
26,39
29,34
30,42
31,40
35,46
36,38
39,47
40,43
41,48
43,44
44,45
45,46
