50
0,6,3,10
1,8,3,10
2,3,3,10
3,5,3,10
4,4,3,10
5,4,3,10
6,4,3,10
7,5,3,10
8,6,3,10
9,7,3,10
10,6,3,10
11,8,3,10
12,4,3,10
13,9,3,10
14,3,3,10
15,8,3,10
16,6,3,10
17,7,3,10
18,4,3,10
19,4,3,10
20,9,3,10
21,10,3,10
22,5,3,10
23,8,3,10
24,9,3,10
25,9,3,10
26,4,3,10
27,3,3,10
28,4,3,10
29,9,3,10
30,4,3,10
31,6,3,10
32,10,3,10
33,7,3,10
34,8,3,10
35,5,3,10
36,8,3,10
37,9,3,10
38,3,3,10
39,8,3,10
40,10,3,10
41,8,3,10
42,5,3,10
43,9,3,10
44,4,3,10
45,6,3,10
46,9,3,10
47,5,3,10
48,5,3,10
49,4,3,10
49
0,1,2
48,49
47,49
46,49
2,3,18,24
1,4,10,43
4,5,7,8,21,48
3,6,9,38
8,11,13,23
11,12,14,28
10,15,16,32
9,17
17,19,45
7,20
13,22
24,25
16,26
12,27
28,29
22,30
5,31
15,33
26,34,42
29,35,36
19,37
23,39
34,40
6,41
40,44
43,46
25,47
14,45
18,44
20,36
21,35
27,34
30,38
31,42
32,40
33,37
35,46
36,38
37,47
38,40
39,46
41,48
42,45
44,45
45,47
