50
0,6,3,10
1,8,3,10
2,3,3,10
3,5,3,10
4,4,3,10
5,4,3,10
6,4,3,10
7,5,3,10
8,6,3,10
9,7,3,10
10,6,3,10
11,8,3,10
12,4,3,10
13,9,3,10
14,3,3,10
15,8,3,10
16,6,3,10
17,7,3,10
18,4,3,10
19,4,3,10
20,9,3,10
21,10,3,10
22,5,3,10
23,8,3,10
24,9,3,10
25,9,3,10
26,4,3,10
27,3,3,10
28,4,3,10
29,9,3,10
30,4,3,10
31,6,3,10
32,10,3,10
33,7,3,10
34,8,3,10
35,5,3,10
36,8,3,10
37,9,3,10
38,3,3,10
39,8,3,10
40,10,3,10
41,8,3,10
42,5,3,10
43,9,3,10
44,4,3,10
45,6,3,10
46,9,3,10
47,5,3,10
48,5,3,10
49,4,3,10
49
0,1,2
48,49
47,49
46,49
2,3,5,14,21
1,4,6,9,11,16
5,7
6,8,10,13,24
9,12,40
14,15,18,41
16,17,29
18,19,38,42
8,20,37
17,22,25,34
21,23,45
23,26,33,36
20,27
12,28
7,30
24,31
22,32
34,35
35,39
28,43
37,44,46
32,47
39,48
3,48
4,41
10,20
11,22
13,48
15,42
19,27
25,39
26,35
27,36
29,30
30,32
31,43
33,46
36,40
38,45
40,46
41,42
42,45
43,46
44,47
45,48
