50
0,6,3,10
1,8,3,10
2,3,3,10
3,5,3,10
4,4,3,10
5,4,3,10
6,4,3,10
7,5,3,10
8,6,3,10
9,7,3,10
10,6,3,10
11,8,3,10
12,4,3,10
13,9,3,10
14,3,3,10
15,8,3,10
16,6,3,10
17,7,3,10
18,4,3,10
19,4,3,10
20,9,3,10
21,10,3,10
22,5,3,10
23,8,3,10
24,9,3,10
25,9,3,10
26,4,3,10
27,3,3,10
28,4,3,10
29,9,3,10
30,4,3,10
31,6,3,10
32,10,3,10
33,7,3,10
34,8,3,10
35,5,3,10
36,8,3,10
37,9,3,10
38,3,3,10
39,8,3,10
40,10,3,10
41,8,3,10
42,5,3,10
43,9,3,10
44,4,3,10
45,6,3,10
46,9,3,10
47,5,3,10
48,5,3,10
49,4,3,10
49
0,1,2
48,49
47,49
46,49
2,3,26
3,4,5,6,9
4,7,21
7,8,11,44
6,10,20,28
5,12,23
10,13,42
1,14,30,37
12,15,48
9,16,22,33
16,17
17,18,19,25,40
13,24
11,27,46
18,29,32
23,31
21,34,38
32,35
34,36
33,39
25,41
8,43
15,45
45,47
14,45
19,46
20,22
22,44
24,39
26,29
27,34
28,41
29,48
30,44
31,43
35,41
36,39
37,43
38,44
39,43
40,43
41,44
42,44
43,48
44,46
