50
0,6,3,10
1,8,3,10
2,3,3,10
3,5,3,10
4,4,3,10
5,4,3,10
6,4,3,10
7,5,3,10
8,6,3,10
9,7,3,10
10,6,3,10
11,8,3,10
12,4,3,10
13,9,3,10
14,3,3,10
15,8,3,10
16,6,3,10
17,7,3,10
18,4,3,10
19,4,3,10
20,9,3,10
21,10,3,10
22,5,3,10
23,8,3,10
24,9,3,10
25,9,3,10
26,4,3,10
27,3,3,10
28,4,3,10
29,9,3,10
30,4,3,10
31,6,3,10
32,10,3,10
33,7,3,10
34,8,3,10
35,5,3,10
36,8,3,10
37,9,3,10
38,3,3,10
39,8,3,10
40,10,3,10
41,8,3,10
42,5,3,10
43,9,3,10
44,4,3,10
45,6,3,10
46,9,3,10
47,5,3,10
48,5,3,10
49,4,3,10
49
0,1,2
48,49
47,49
46,49
2,3,5,16,19,46
1,4,7,11,17,34
5,6,12,13,32,41
6,8,14,15
8,9,33
3,10
17,18
19,20,25
16,21,23
13,22,24
22,26,40,45
24,27,29,35,37
23,28,43
20,30
30,31
12,36
15,38
38,39,47
35,42
26,44
36,48
4,18
7,36
9,48
10,34
11,24
14,21
18,20
21,29
25,30
27,48
28,42
29,44
31,44
32,35
33,48
34,47
37,47
39,45
40,44
41,48
42,47
43,48
44,47
45,48
