50
0,6,3,10
1,8,3,10
2,3,3,10
3,5,3,10
4,4,3,10
5,4,3,10
6,4,3,10
7,5,3,10
8,6,3,10
9,7,3,10
10,6,3,10
11,8,3,10
12,4,3,10
13,9,3,10
14,3,3,10
15,8,3,10
16,6,3,10
17,7,3,10
18,4,3,10
19,4,3,10
20,9,3,10
21,10,3,10
22,5,3,10
23,8,3,10
24,9,3,10
25,9,3,10
26,4,3,10
27,3,3,10
28,4,3,10
29,9,3,10
30,4,3,10
31,6,3,10
32,10,3,10
33,7,3,10
34,8,3,10
35,5,3,10
36,8,3,10
37,9,3,10
38,3,3,10
39,8,3,10
40,10,3,10
41,8,3,10
42,5,3,10
43,9,3,10
44,4,3,10
45,6,3,10
46,9,3,10
47,5,3,10
48,5,3,10
49,4,3,10
49
0,1,2
48,49
47,49
46,49
1,3,5
2,4,6,11,31
3,7,17,18
7,8,9,29
9,10,15,37,47
10,12,14,39,42
8,13,19,28
4,16
6,20,21,24
16,22,34,45
22,23,35
11,25
14,26
5,27
18,30
15,32
29,33
21,36
17,38
36,40
13,41,44
30,43
12,46
39,48
19,23
20,30
23,39
24,46
25,28
26,44
27,41
28,35
31,43
32,38
33,46
34,48
35,39
37,40
38,42
40,41
41,45
42,43
43,45
44,45
45,48
