50
0,6,3,10
1,8,3,10
2,3,3,10
3,5,3,10
4,4,3,10
5,4,3,10
6,4,3,10
7,5,3,10
8,6,3,10
9,7,3,10
10,6,3,10
11,8,3,10
12,4,3,10
13,9,3,10
14,3,3,10
15,8,3,10
16,6,3,10
17,7,3,10
18,4,3,10
19,4,3,10
20,9,3,10
21,10,3,10
22,5,3,10
23,8,3,10
24,9,3,10
25,9,3,10
26,4,3,10
27,3,3,10
28,4,3,10
29,9,3,10
30,4,3,10
31,6,3,10
32,10,3,10
33,7,3,10
34,8,3,10
35,5,3,10
36,8,3,10
37,9,3,10
38,3,3,10
39,8,3,10
40,10,3,10
41,8,3,10
42,5,3,10
43,9,3,10
44,4,3,10
45,6,3,10
46,9,3,10
47,5,3,10
48,5,3,10
49,4,3,10
49
0,1,2
48,49
47,49
46,49
1,3,13,15
2,4,6,9,42
3,5,8
6,7,10,21
9,11,12,20,28
12,14
15,16,27,40
8,17,22
5,18
13,19
18,23
23,24,29
22,25
25,26,48
21,30,35
7,31,33,41
11,32
19,34
20,36,37
35,38
38,39
39,43
42,44
17,45
32,46
28,47
4,26
10,16
14,17
16,34
24,36
26,45
27,43
29,35
30,31
31,43
33,38
34,43
36,43
37,43
40,47
41,44
43,45
44,48
45,47
