50
0,6,3,10
1,8,3,10
2,3,3,10
3,5,3,10
4,4,3,10
5,4,3,10
6,4,3,10
7,5,3,10
8,6,3,10
9,7,3,10
10,6,3,10
11,8,3,10
12,4,3,10
13,9,3,10
14,3,3,10
15,8,3,10
16,6,3,10
17,7,3,10
18,4,3,10
19,4,3,10
20,9,3,10
21,10,3,10
22,5,3,10
23,8,3,10
24,9,3,10
25,9,3,10
26,4,3,10
27,3,3,10
28,4,3,10
29,9,3,10
30,4,3,10
31,6,3,10
32,10,3,10
33,7,3,10
34,8,3,10
35,5,3,10
36,8,3,10
37,9,3,10
38,3,3,10
39,8,3,10
40,10,3,10
41,8,3,10
42,5,3,10
43,9,3,10
44,4,3,10
45,6,3,10
46,9,3,10
47,5,3,10
48,5,3,10
49,4,3,10
49
0,1,2
48,49
47,49
46,49
1,3,4,7
3,5,6,9,14,24,44,46
2,8,10,13,15
7,11
6,12,26,29,43,45
14,16
16,17,21,22,36
4,18,31,34
17,19
9,20,23,25
5,27
10,28,30,38
25,32,41
27,33
18,35
31,37
37,39
15,40
22,42
39,47,48
8,22
11,13
12,38
13,14
19,31
20,43
21,43
23,39
24,36
26,36
28,36
29,39
30,42
32,35
33,48
34,48
35,36
36,39
38,40
40,47
41,45
42,47
43,47
44,45
45,48
