50
0,6,3,10
1,8,3,10
2,3,3,10
3,5,3,10
4,4,3,10
5,4,3,10
6,4,3,10
7,5,3,10
8,6,3,10
9,7,3,10
10,6,3,10
11,8,3,10
12,4,3,10
13,9,3,10
14,3,3,10
15,8,3,10
16,6,3,10
17,7,3,10
18,4,3,10
19,4,3,10
20,9,3,10
21,10,3,10
22,5,3,10
23,8,3,10
24,9,3,10
25,9,3,10
26,4,3,10
27,3,3,10
28,4,3,10
29,9,3,10
30,4,3,10
31,6,3,10
32,10,3,10
33,7,3,10
34,8,3,10
35,5,3,10
36,8,3,10
37,9,3,10
38,3,3,10
39,8,3,10
40,10,3,10
41,8,3,10
42,5,3,10
43,9,3,10
44,4,3,10
45,6,3,10
46,9,3,10
47,5,3,10
48,5,3,10
49,4,3,10
49
0,1,2
48,49
47,49
46,49
1,3,4,43
2,5,7,13,22,34,40
3,6,8,14
6,9,10,27,46
8,11,18,19
11,12,26,33
10,15,41,48
14,16
16,17,28,37
17,20
5,21
12,23
19,24,42
4,25,36
7,29
24,30
28,31,35
25,32
33,38
30,39
13,44
39,45
9,47
15,37
18,36
20,25
21,45
22,46
23,48
26,31
27,31
29,45
31,34
32,45
34,42
35,41
36,45
37,40
38,39
40,45
41,44
42,48
43,46
44,47
45,47
