50
0,6,3,10
1,8,3,10
2,3,3,10
3,5,3,10
4,4,3,10
5,4,3,10
6,4,3,10
7,5,3,10
8,6,3,10
9,7,3,10
10,6,3,10
11,8,3,10
12,4,3,10
13,9,3,10
14,3,3,10
15,8,3,10
16,6,3,10
17,7,3,10
18,4,3,10
19,4,3,10
20,9,3,10
21,10,3,10
22,5,3,10
23,8,3,10
24,9,3,10
25,9,3,10
26,4,3,10
27,3,3,10
28,4,3,10
29,9,3,10
30,4,3,10
31,6,3,10
32,10,3,10
33,7,3,10
34,8,3,10
35,5,3,10
36,8,3,10
37,9,3,10
38,3,3,10
39,8,3,10
40,10,3,10
41,8,3,10
42,5,3,10
43,9,3,10
44,4,3,10
45,6,3,10
46,9,3,10
47,5,3,10
48,5,3,10
49,4,3,10
49
0,1,2
48,49
47,49
46,49
2,3,7,15,17
3,4,14
1,5,8,13,20
5,6,10,18,37
8,9,11,21,25
9,12,16,24
14,19,40
7,22,30,36
6,23,32,41,46
17,26
24,27
26,28,34
10,29
11,31
28,33
19,35
21,38
16,39
27,42,48
40,43
42,44
44,45
45,47
4,19
12,22
13,28
15,25
18,44
20,24
22,43
23,39
25,46
29,39
30,45
31,32
32,45
33,38
34,35
35,46
36,41
37,42
38,47
39,47
41,48
43,48
