50
0,6,3,10
1,8,3,10
2,3,3,10
3,5,3,10
4,4,3,10
5,4,3,10
6,4,3,10
7,5,3,10
8,6,3,10
9,7,3,10
10,6,3,10
11,8,3,10
12,4,3,10
13,9,3,10
14,3,3,10
15,8,3,10
16,6,3,10
17,7,3,10
18,4,3,10
19,4,3,10
20,9,3,10
21,10,3,10
22,5,3,10
23,8,3,10
24,9,3,10
25,9,3,10
26,4,3,10
27,3,3,10
28,4,3,10
29,9,3,10
30,4,3,10
31,6,3,10
32,10,3,10
33,7,3,10
34,8,3,10
35,5,3,10
36,8,3,10
37,9,3,10
38,3,3,10
39,8,3,10
40,10,3,10
41,8,3,10
42,5,3,10
43,9,3,10
44,4,3,10
45,6,3,10
46,9,3,10
47,5,3,10
48,5,3,10
49,4,3,10
49
0,1,2
48,49
47,49
46,49
2,3,4,10,17,26,30
4,5,9,16,18,20
5,6,7,8
8,11
10,12
12,13,22,24,32
13,14,15,21
7,19
9,23,25,48
26,27
25,28
3,29
1,31,37,47
14,33
6,34
28,35
31,36
15,38
36,39
39,40
35,41,43,46
24,42
23,44
27,45
11,29
16,22
17,46
18,46
19,25
20,35
21,38
22,40
29,41
30,48
32,42
33,40
34,38
37,38
38,44
40,43
41,44
42,47
43,44
44,45
45,49
