50
0,6,3,10
1,8,3,10
2,3,3,10
3,5,3,10
4,4,3,10
5,4,3,10
6,4,3,10
7,5,3,10
8,6,3,10
9,7,3,10
10,6,3,10
11,8,3,10
12,4,3,10
13,9,3,10
14,3,3,10
15,8,3,10
16,6,3,10
17,7,3,10
18,4,3,10
19,4,3,10
20,9,3,10
21,10,3,10
22,5,3,10
23,8,3,10
24,9,3,10
25,9,3,10
26,4,3,10
27,3,3,10
28,4,3,10
29,9,3,10
30,4,3,10
31,6,3,10
32,10,3,10
33,7,3,10
34,8,3,10
35,5,3,10
36,8,3,10
37,9,3,10
38,3,3,10
39,8,3,10
40,10,3,10
41,8,3,10
42,5,3,10
43,9,3,10
44,4,3,10
45,6,3,10
46,9,3,10
47,5,3,10
48,5,3,10
49,4,3,10
49
0,1,2
48,49
47,49
46,49
2,3
3,4,5,7,9,14
4,6,12,13
1,8,11,44
6,10,43,48
14,15,19,27
7,16,22,24
12,17,33
15,18,30,39
9,20,23,28,29
17,21,47
20,25
11,26
8,31,32,46
26,34
21,35
22,36,37,38
5,40,41,45
35,42
10,26
13,26
16,25
18,23
19,40
23,37
24,45
25,39
27,33
28,34
29,32
30,41
31,33
32,43
33,36
34,35
36,42
37,46
38,48
39,42
40,44
41,46
42,45
43,45
44,47
45,49
