50
0,6,3,10
1,8,3,10
2,3,3,10
3,5,3,10
4,4,3,10
5,4,3,10
6,4,3,10
7,5,3,10
8,6,3,10
9,7,3,10
10,6,3,10
11,8,3,10
12,4,3,10
13,9,3,10
14,3,3,10
15,8,3,10
16,6,3,10
17,7,3,10
18,4,3,10
19,4,3,10
20,9,3,10
21,10,3,10
22,5,3,10
23,8,3,10
24,9,3,10
25,9,3,10
26,4,3,10
27,3,3,10
28,4,3,10
29,9,3,10
30,4,3,10
31,6,3,10
32,10,3,10
33,7,3,10
34,8,3,10
35,5,3,10
36,8,3,10
37,9,3,10
38,3,3,10
39,8,3,10
40,10,3,10
41,8,3,10
42,5,3,10
43,9,3,10
44,4,3,10
45,6,3,10
46,9,3,10
47,5,3,10
48,5,3,10
49,4,3,10
49
0,1,2
48,49
47,49
46,49
1,3,5,9,13,22,25,41
3,4,11,16,20
5,6,10,15,40
4,7,8,12,28
2,14,19
10,17,27
7,18
11,21,30
8,23,31
21,24,47
6,26,35
19,29
28,32,34,38
14,33
34,36
9,37
16,39
20,42,45
17,43
22,44
40,46
35,48
12,31
13,27
15,32
18,26
23,43
24,38
25,29
26,48
27,32
29,40
30,43
31,33
32,48
33,34
36,43
37,39
38,40
39,45
41,45
42,46
43,46
44,45
45,46
