50
0,6,3,10
1,8,3,10
2,3,3,10
3,5,3,10
4,4,3,10
5,4,3,10
6,4,3,10
7,5,3,10
8,6,3,10
9,7,3,10
10,6,3,10
11,8,3,10
12,4,3,10
13,9,3,10
14,3,3,10
15,8,3,10
16,6,3,10
17,7,3,10
18,4,3,10
19,4,3,10
20,9,3,10
21,10,3,10
22,5,3,10
23,8,3,10
24,9,3,10
25,9,3,10
26,4,3,10
27,3,3,10
28,4,3,10
29,9,3,10
30,4,3,10
31,6,3,10
32,10,3,10
33,7,3,10
34,8,3,10
35,5,3,10
36,8,3,10
37,9,3,10
38,3,3,10
39,8,3,10
40,10,3,10
41,8,3,10
42,5,3,10
43,9,3,10
44,4,3,10
45,6,3,10
46,9,3,10
47,5,3,10
48,5,3,10
49,4,3,10
49
0,1,2
48,49
47,49
46,49
2,3,4,5,24
3,6
5,7,8,11,17,21,33
7,9,10,13,30
10,12,14,16,22
6,15,18,19,28
13,20,25
12,23,35
14,26,27
11,29,38
15,31
29,32
18,34,36
20,37,40
32,39
31,41
22,42
27,43
43,44
28,45
24,46
44,47
34,48
1,33
4,28
8,41
9,41
16,34
17,41
19,21
21,46
23,43
25,46
26,40
30,38
33,36
35,36
36,43
37,48
38,42
39,48
40,41
41,43
42,43
45,47
