50
0,6,3,10
1,8,3,10
2,3,3,10
3,5,3,10
4,4,3,10
5,4,3,10
6,4,3,10
7,5,3,10
8,6,3,10
9,7,3,10
10,6,3,10
11,8,3,10
12,4,3,10
13,9,3,10
14,3,3,10
15,8,3,10
16,6,3,10
17,7,3,10
18,4,3,10
19,4,3,10
20,9,3,10
21,10,3,10
22,5,3,10
23,8,3,10
24,9,3,10
25,9,3,10
26,4,3,10
27,3,3,10
28,4,3,10
29,9,3,10
30,4,3,10
31,6,3,10
32,10,3,10
33,7,3,10
34,8,3,10
35,5,3,10
36,8,3,10
37,9,3,10
38,3,3,10
39,8,3,10
40,10,3,10
41,8,3,10
42,5,3,10
43,9,3,10
44,4,3,10
45,6,3,10
46,9,3,10
47,5,3,10
48,5,3,10
49,4,3,10
49
0,1,2
48,49
47,49
46,49
2,3,4,9,20,27
3,5,16,31
1,6,7,11
5,8,21
7,10
8,12
9,13,18
13,14,22,37
14,15,29
12,17,40
18,19,24,33
22,23
15,25
23,26
4,28,45,48
26,30,46
30,32,42
28,34,41
25,35,38
24,36
20,39
42,43
36,44
17,47
6,12
10,15
11,21
16,17
19,29
21,42
27,29
29,39
31,44
32,39
33,40
34,46
35,40
37,46
38,42
39,47
40,43
41,43
43,44
44,47
45,47
