50
0,6,3,10
1,8,3,10
2,3,3,10
3,5,3,10
4,4,3,10
5,4,3,10
6,4,3,10
7,5,3,10
8,6,3,10
9,7,3,10
10,6,3,10
11,8,3,10
12,4,3,10
13,9,3,10
14,3,3,10
15,8,3,10
16,6,3,10
17,7,3,10
18,4,3,10
19,4,3,10
20,9,3,10
21,10,3,10
22,5,3,10
23,8,3,10
24,9,3,10
25,9,3,10
26,4,3,10
27,3,3,10
28,4,3,10
29,9,3,10
30,4,3,10
31,6,3,10
32,10,3,10
33,7,3,10
34,8,3,10
35,5,3,10
36,8,3,10
37,9,3,10
38,3,3,10
39,8,3,10
40,10,3,10
41,8,3,10
42,5,3,10
43,9,3,10
44,4,3,10
45,6,3,10
46,9,3,10
47,5,3,10
48,5,3,10
49,4,3,10
49
0,1,2
48,49
47,49
46,49
1,3,9,23
2,4,5,15,20,28,46
4,6,14
6,7,16,22,26
5,8,10,11,25
11,12
10,13,19
3,17
8,18
20,21,48
14,24
12,27,37
18,29
25,30,44
7,31,32,41
13,33,42
28,34
23,35
16,36
9,38
35,39
36,40
32,43
19,45
27,47
15,44
17,21
21,22
22,25
24,39
26,41
29,44
30,45
31,42
33,43
34,39
37,42
38,44
39,47
40,47
41,47
42,45
43,44
44,45
45,47
