50
0,6,3,10
1,8,3,10
2,3,3,10
3,5,3,10
4,4,3,10
5,4,3,10
6,4,3,10
7,5,3,10
8,6,3,10
9,7,3,10
10,6,3,10
11,8,3,10
12,4,3,10
13,9,3,10
14,3,3,10
15,8,3,10
16,6,3,10
17,7,3,10
18,4,3,10
19,4,3,10
20,9,3,10
21,10,3,10
22,5,3,10
23,8,3,10
24,9,3,10
25,9,3,10
26,4,3,10
27,3,3,10
28,4,3,10
29,9,3,10
30,4,3,10
31,6,3,10
32,10,3,10
33,7,3,10
34,8,3,10
35,5,3,10
36,8,3,10
37,9,3,10
38,3,3,10
39,8,3,10
40,10,3,10
41,8,3,10
42,5,3,10
43,9,3,10
44,4,3,10
45,6,3,10
46,9,3,10
47,5,3,10
48,5,3,10
49,4,3,10
49
0,1,2
48,49
47,49
46,49
1,3,6
3,4,7
2,5,9,12,27,32
5,8,10,17,18,28
8,11,26
4,13
7,14,31,37
13,15,16,20
18,19,40
6,21,29,30
21,22
10,23,35
23,24
16,25,46
15,33,44
25,34
22,36
11,38
19,39
27,41
14,42
38,43
9,45
30,47
20,48
12,41
17,47
24,39
26,29
28,36
29,44
31,47
32,41
33,39
34,47
35,40
36,40
37,47
39,43
40,41
41,44
42,48
43,48
44,47
45,46
