50
0,6,3,10
1,8,3,10
2,3,3,10
3,5,3,10
4,4,3,10
5,4,3,10
6,4,3,10
7,5,3,10
8,6,3,10
9,7,3,10
10,6,3,10
11,8,3,10
12,4,3,10
13,9,3,10
14,3,3,10
15,8,3,10
16,6,3,10
17,7,3,10
18,4,3,10
19,4,3,10
20,9,3,10
21,10,3,10
22,5,3,10
23,8,3,10
24,9,3,10
25,9,3,10
26,4,3,10
27,3,3,10
28,4,3,10
29,9,3,10
30,4,3,10
31,6,3,10
32,10,3,10
33,7,3,10
34,8,3,10
35,5,3,10
36,8,3,10
37,9,3,10
38,3,3,10
39,8,3,10
40,10,3,10
41,8,3,10
42,5,3,10
43,9,3,10
44,4,3,10
45,6,3,10
46,9,3,10
47,5,3,10
48,5,3,10
49,4,3,10
49
0,1,2
48,49
47,49
46,49
2,3,5,13,22,46
1,4,29,31,47
5,6,7,44
6,8,14
8,9,11,23
9,10,24,25,37
11,12
3,15,20,33,40
12,16,43
14,17,32,35
7,18,36
18,19,30,39,41
16,21
23,26
4,27
20,28
24,34,38
15,42
35,45
26,48
10,42
13,47
17,47
19,40
21,45
22,40
25,27
27,39
28,39
29,32
30,32
31,41
32,43
33,41
34,35
36,39
37,42
38,45
39,48
40,47
41,48
42,47
43,48
44,47
45,48
