50
0,6,3,10
1,8,3,10
2,3,3,10
3,5,3,10
4,4,3,10
5,4,3,10
6,4,3,10
7,5,3,10
8,6,3,10
9,7,3,10
10,6,3,10
11,8,3,10
12,4,3,10
13,9,3,10
14,3,3,10
15,8,3,10
16,6,3,10
17,7,3,10
18,4,3,10
19,4,3,10
20,9,3,10
21,10,3,10
22,5,3,10
23,8,3,10
24,9,3,10
25,9,3,10
26,4,3,10
27,3,3,10
28,4,3,10
29,9,3,10
30,4,3,10
31,6,3,10
32,10,3,10
33,7,3,10
34,8,3,10
35,5,3,10
36,8,3,10
37,9,3,10
38,3,3,10
39,8,3,10
40,10,3,10
41,8,3,10
42,5,3,10
43,9,3,10
44,4,3,10
45,6,3,10
46,9,3,10
47,5,3,10
48,5,3,10
49,4,3,10
49
0,1,2
48,49
47,49
46,49
2,3,4,7
4,5,6,8,14,19
3,9,35
1,10
7,11,15
11,12,21,34
8,13
10,16,17,23
9,18,41,46
18,20,40
21,22,25
20,24
19,26,29
24,27
23,28
25,30
17,31,39,48
29,32,33,42
30,36,47
22,37
12,38
42,43,45
33,44
5,46
6,26
13,47
14,17
15,46
16,46
26,34
27,47
28,31
31,41
32,45
34,41
35,48
36,37
37,38
38,42
39,44
40,44
41,43
43,44
44,49
45,46
