50
0,6,3,10
1,8,3,10
2,3,3,10
3,5,3,10
4,4,3,10
5,4,3,10
6,4,3,10
7,5,3,10
8,6,3,10
9,7,3,10
10,6,3,10
11,8,3,10
12,4,3,10
13,9,3,10
14,3,3,10
15,8,3,10
16,6,3,10
17,7,3,10
18,4,3,10
19,4,3,10
20,9,3,10
21,10,3,10
22,5,3,10
23,8,3,10
24,9,3,10
25,9,3,10
26,4,3,10
27,3,3,10
28,4,3,10
29,9,3,10
30,4,3,10
31,6,3,10
32,10,3,10
33,7,3,10
34,8,3,10
35,5,3,10
36,8,3,10
37,9,3,10
38,3,3,10
39,8,3,10
40,10,3,10
41,8,3,10
42,5,3,10
43,9,3,10
44,4,3,10
45,6,3,10
46,9,3,10
47,5,3,10
48,5,3,10
49,4,3,10
49
0,1,2
48,49
47,49
46,49
1,3,6,8,19,23
2,4,5,12
4,7,10,13,32
7,9,15,25
8,11
10,14,35
13,16,17,26,48
17,18
12,20
3,21,46
9,22,28
22,24
25,27
20,29,30
23,31,36
21,33
26,34,40
36,37
34,38,43
32,39
14,41,47
24,42
11,44
33,45
5,45
6,39
15,47
16,25
18,42
19,36
27,37
28,30
29,41
30,42
31,42
35,48
37,45
38,46
39,46
40,47
41,48
42,44
43,44
44,47
45,47
