50
0,6,3,10
1,8,3,10
2,3,3,10
3,5,3,10
4,4,3,10
5,4,3,10
6,4,3,10
7,5,3,10
8,6,3,10
9,7,3,10
10,6,3,10
11,8,3,10
12,4,3,10
13,9,3,10
14,3,3,10
15,8,3,10
16,6,3,10
17,7,3,10
18,4,3,10
19,4,3,10
20,9,3,10
21,10,3,10
22,5,3,10
23,8,3,10
24,9,3,10
25,9,3,10
26,4,3,10
27,3,3,10
28,4,3,10
29,9,3,10
30,4,3,10
31,6,3,10
32,10,3,10
33,7,3,10
34,8,3,10
35,5,3,10
36,8,3,10
37,9,3,10
38,3,3,10
39,8,3,10
40,10,3,10
41,8,3,10
42,5,3,10
43,9,3,10
44,4,3,10
45,6,3,10
46,9,3,10
47,5,3,10
48,5,3,10
49,4,3,10
49
0,1,2
48,49
47,49
46,49
2,3,10,13,47
3,4,43
1,5,7,8,9,25,45
5,6,36
4,11,21,26,30
7,12,18,32,39,44
6,14,16,19,41
9,15,37
10,17
16,20,27
17,22
20,23,28
13,24,31
21,29
30,33
26,34
33,35
15,38
34,40
11,42
23,46
8,48
12,46
14,32
18,29
19,28
22,30
24,48
25,48
27,28
28,42
29,33
31,40
32,33
35,37
36,42
37,40
38,41
39,48
40,46
41,43
42,48
43,44
44,48
45,48
