50
0,6,3,10
1,8,3,10
2,3,3,10
3,5,3,10
4,4,3,10
5,4,3,10
6,4,3,10
7,5,3,10
8,6,3,10
9,7,3,10
10,6,3,10
11,8,3,10
12,4,3,10
13,9,3,10
14,3,3,10
15,8,3,10
16,6,3,10
17,7,3,10
18,4,3,10
19,4,3,10
20,9,3,10
21,10,3,10
22,5,3,10
23,8,3,10
24,9,3,10
25,9,3,10
26,4,3,10
27,3,3,10
28,4,3,10
29,9,3,10
30,4,3,10
31,6,3,10
32,10,3,10
33,7,3,10
34,8,3,10
35,5,3,10
36,8,3,10
37,9,3,10
38,3,3,10
39,8,3,10
40,10,3,10
41,8,3,10
42,5,3,10
43,9,3,10
44,4,3,10
45,6,3,10
46,9,3,10
47,5,3,10
48,5,3,10
49,4,3,10
49
0,1,2
48,49
47,49
46,49
1,3,11,36,47
3,4,16
4,5,8,21
5,6,24
6,7,9,13,15
7,10,25
11,12,17
9,14,32
12,18
8,19
13,20,23
19,22
14,26,37
16,27,28,33
21,29
20,30,48
26,31,35,41
17,34,43,45
25,38
34,39
15,40
33,42
42,44
30,46
2,48
10,28
18,29
22,32
23,31
24,31
27,42
28,37
29,35
31,42
32,46
35,40
36,40
37,42
38,46
39,40
40,42
41,46
43,48
44,48
45,46
