50
0,6,3,10
1,8,3,10
2,3,3,10
3,5,3,10
4,4,3,10
5,4,3,10
6,4,3,10
7,5,3,10
8,6,3,10
9,7,3,10
10,6,3,10
11,8,3,10
12,4,3,10
13,9,3,10
14,3,3,10
15,8,3,10
16,6,3,10
17,7,3,10
18,4,3,10
19,4,3,10
20,9,3,10
21,10,3,10
22,5,3,10
23,8,3,10
24,9,3,10
25,9,3,10
26,4,3,10
27,3,3,10
28,4,3,10
29,9,3,10
30,4,3,10
31,6,3,10
32,10,3,10
33,7,3,10
34,8,3,10
35,5,3,10
36,8,3,10
37,9,3,10
38,3,3,10
39,8,3,10
40,10,3,10
41,8,3,10
42,5,3,10
43,9,3,10
44,4,3,10
45,6,3,10
46,9,3,10
47,5,3,10
48,5,3,10
49,4,3,10
49
0,1,2
48,49
47,49
46,49
1,3,7,14,28,42
2,4,6,9,10,16,27
3,5,12,35
4,8,13,26
7,11,33,37
13,15,22,24,31,38
11,17
14,18,29,30,48
18,19
19,20,43
15,21
9,23
8,25
21,32,40
24,34
35,36
37,39
20,41,44
36,45
25,46
6,47
5,22
10,48
12,16
16,31
17,39
22,29
23,24
26,41
27,38
28,38
29,44
30,46
31,48
32,44
33,45
34,40
38,48
39,47
40,47
41,45
42,44
43,47
44,47
45,47
