50
0,6,3,10
1,8,3,10
2,3,3,10
3,5,3,10
4,4,3,10
5,4,3,10
6,4,3,10
7,5,3,10
8,6,3,10
9,7,3,10
10,6,3,10
11,8,3,10
12,4,3,10
13,9,3,10
14,3,3,10
15,8,3,10
16,6,3,10
17,7,3,10
18,4,3,10
19,4,3,10
20,9,3,10
21,10,3,10
22,5,3,10
23,8,3,10
24,9,3,10
25,9,3,10
26,4,3,10
27,3,3,10
28,4,3,10
29,9,3,10
30,4,3,10
31,6,3,10
32,10,3,10
33,7,3,10
34,8,3,10
35,5,3,10
36,8,3,10
37,9,3,10
38,3,3,10
39,8,3,10
40,10,3,10
41,8,3,10
42,5,3,10
43,9,3,10
44,4,3,10
45,6,3,10
46,9,3,10
47,5,3,10
48,5,3,10
49,4,3,10
49
0,1,2
48,49
47,49
46,49
2,3,7
1,4,6,8,10,15
4,5,16,25
5,9
8,11,31,39
3,12,14,24
7,13
14,17,22
17,18
6,19,33,43
11,20,27,28,47
12,21,42
20,23,26
16,29
28,30
31,32,37,41
19,34,48
27,35,38
9,36
26,40
40,44
25,45
29,46
10,18
13,43
15,33
18,39
21,43
22,36
23,33
24,28
30,33
32,48
33,38
34,37
35,36
36,44
37,45
38,41
39,40
41,42
42,46
43,44
44,46
45,47
