50
0,6,3,10
1,8,3,10
2,3,3,10
3,5,3,10
4,4,3,10
5,4,3,10
6,4,3,10
7,5,3,10
8,6,3,10
9,7,3,10
10,6,3,10
11,8,3,10
12,4,3,10
13,9,3,10
14,3,3,10
15,8,3,10
16,6,3,10
17,7,3,10
18,4,3,10
19,4,3,10
20,9,3,10
21,10,3,10
22,5,3,10
23,8,3,10
24,9,3,10
25,9,3,10
26,4,3,10
27,3,3,10
28,4,3,10
29,9,3,10
30,4,3,10
31,6,3,10
32,10,3,10
33,7,3,10
34,8,3,10
35,5,3,10
36,8,3,10
37,9,3,10
38,3,3,10
39,8,3,10
40,10,3,10
41,8,3,10
42,5,3,10
43,9,3,10
44,4,3,10
45,6,3,10
46,9,3,10
47,5,3,10
48,5,3,10
49,4,3,10
49
0,1,2
48,49
47,49
46,49
1,3,4,9
3,5,7,19
5,6,27,46
2,8,11
6,10,15,24
9,12,18,23
12,13
11,14
7,16,38
10,17
4,20,33,36
14,21,25
20,22
15,26,30
19,28
8,29,34,37
27,31
18,32
22,35
31,39,41
33,40
39,42
34,43,48
25,44
42,45
43,47
13,29
16,27
17,31
21,32
23,42
24,42
26,29
28,48
29,32
30,34
32,47
35,41
36,44
37,47
38,44
40,47
41,42
44,46
45,48
