50
0,6,3,10
1,8,3,10
2,3,3,10
3,5,3,10
4,4,3,10
5,4,3,10
6,4,3,10
7,5,3,10
8,6,3,10
9,7,3,10
10,6,3,10
11,8,3,10
12,4,3,10
13,9,3,10
14,3,3,10
15,8,3,10
16,6,3,10
17,7,3,10
18,4,3,10
19,4,3,10
20,9,3,10
21,10,3,10
22,5,3,10
23,8,3,10
24,9,3,10
25,9,3,10
26,4,3,10
27,3,3,10
28,4,3,10
29,9,3,10
30,4,3,10
31,6,3,10
32,10,3,10
33,7,3,10
34,8,3,10
35,5,3,10
36,8,3,10
37,9,3,10
38,3,3,10
39,8,3,10
40,10,3,10
41,8,3,10
42,5,3,10
43,9,3,10
44,4,3,10
45,6,3,10
46,9,3,10
47,5,3,10
48,5,3,10
49,4,3,10
49
0,1,2
48,49
47,49
46,49
2,3,4,6,22,33
4,5,11,32,35
1,7,13
7,8,12,37
8,9,24
9,10,40
12,14,15,19
3,16,30,36,46
14,17,31
10,18,43
13,20
20,21
6,23
18,25,45
17,26
23,27
5,28
26,29
32,34
31,38,41
16,39
15,42
11,44
35,47
21,48
19,39
22,41
24,47
25,26
27,42
28,30
29,44
30,34
33,46
34,44
36,47
37,47
38,45
39,41
40,41
41,44
42,43
43,47
44,47
45,46
