50
0,6,3,10
1,8,3,10
2,3,3,10
3,5,3,10
4,4,3,10
5,4,3,10
6,4,3,10
7,5,3,10
8,6,3,10
9,7,3,10
10,6,3,10
11,8,3,10
12,4,3,10
13,9,3,10
14,3,3,10
15,8,3,10
16,6,3,10
17,7,3,10
18,4,3,10
19,4,3,10
20,9,3,10
21,10,3,10
22,5,3,10
23,8,3,10
24,9,3,10
25,9,3,10
26,4,3,10
27,3,3,10
28,4,3,10
29,9,3,10
30,4,3,10
31,6,3,10
32,10,3,10
33,7,3,10
34,8,3,10
35,5,3,10
36,8,3,10
37,9,3,10
38,3,3,10
39,8,3,10
40,10,3,10
41,8,3,10
42,5,3,10
43,9,3,10
44,4,3,10
45,6,3,10
46,9,3,10
47,5,3,10
48,5,3,10
49,4,3,10
49
0,1,2
48,49
47,49
46,49
2,3,45
1,4,5,9,22
4,6
5,7,8,15,21,27
6,10,28
9,11,12
10,13
11,14
7,16,18,19,26
14,17,24,25
12,20,29,32,33,35
20,23,47
28,30,37
8,31,40
16,34
32,36
27,38,41
35,39
19,42
37,43
25,44
21,46,48
3,37
13,38
15,24
17,43
18,43
22,35
23,25
24,29
26,34
29,39
30,32
31,46
33,43
34,42
36,45
38,40
39,41
40,42
41,44
42,48
43,44
44,48
45,46
