50
0,6,3,10
1,8,3,10
2,3,3,10
3,5,3,10
4,4,3,10
5,4,3,10
6,4,3,10
7,5,3,10
8,6,3,10
9,7,3,10
10,6,3,10
11,8,3,10
12,4,3,10
13,9,3,10
14,3,3,10
15,8,3,10
16,6,3,10
17,7,3,10
18,4,3,10
19,4,3,10
20,9,3,10
21,10,3,10
22,5,3,10
23,8,3,10
24,9,3,10
25,9,3,10
26,4,3,10
27,3,3,10
28,4,3,10
29,9,3,10
30,4,3,10
31,6,3,10
32,10,3,10
33,7,3,10
34,8,3,10
35,5,3,10
36,8,3,10
37,9,3,10
38,3,3,10
39,8,3,10
40,10,3,10
41,8,3,10
42,5,3,10
43,9,3,10
44,4,3,10
45,6,3,10
46,9,3,10
47,5,3,10
48,5,3,10
49,4,3,10
49
0,1,2
48,49
47,49
46,49
1,3,13
2,4,8,9,12,15,26
3,5,16,19,42
5,6,7,29
4,10,37
7,11
6,14
11,17
8,18
14,20
15,21,28,31
20,22,35
12,23,47
18,24,25,32,40
16,27,36,48
28,30
26,33,41
25,34
21,38,43
29,39
10,44
39,45
19,46
9,32
13,45
17,32
22,37
23,37
24,30
27,45
30,38
31,45
32,36
33,35
34,38
35,48
36,45
37,40
38,47
40,43
41,45
42,45
43,44
44,46
45,47
