50
0,6,3,10
1,8,3,10
2,3,3,10
3,5,3,10
4,4,3,10
5,4,3,10
6,4,3,10
7,5,3,10
8,6,3,10
9,7,3,10
10,6,3,10
11,8,3,10
12,4,3,10
13,9,3,10
14,3,3,10
15,8,3,10
16,6,3,10
17,7,3,10
18,4,3,10
19,4,3,10
20,9,3,10
21,10,3,10
22,5,3,10
23,8,3,10
24,9,3,10
25,9,3,10
26,4,3,10
27,3,3,10
28,4,3,10
29,9,3,10
30,4,3,10
31,6,3,10
32,10,3,10
33,7,3,10
34,8,3,10
35,5,3,10
36,8,3,10
37,9,3,10
38,3,3,10
39,8,3,10
40,10,3,10
41,8,3,10
42,5,3,10
43,9,3,10
44,4,3,10
45,6,3,10
46,9,3,10
47,5,3,10
48,5,3,10
49,4,3,10
49
0,1,2
48,49
47,49
46,49
1,3,9,18,27,44,46
2,4,11
4,5,6
6,7,12
7,8,14,26
5,10,19,21
3,13,15,31,32
8,16
13,17,29
17,20,34,39
12,22,48
22,23,40
14,24,45
10,25,30
26,28
30,33,47
28,35
16,36,38,42
27,37
15,41
37,43
9,37
11,21
18,48
19,25
20,23
21,31
23,35
24,33
25,45
29,38
31,47
32,40
33,44
34,48
35,47
36,41
38,48
39,43
40,41
41,47
42,45
43,45
44,48
45,48
