50
0,6,3,10
1,8,3,10
2,3,3,10
3,5,3,10
4,4,3,10
5,4,3,10
6,4,3,10
7,5,3,10
8,6,3,10
9,7,3,10
10,6,3,10
11,8,3,10
12,4,3,10
13,9,3,10
14,3,3,10
15,8,3,10
16,6,3,10
17,7,3,10
18,4,3,10
19,4,3,10
20,9,3,10
21,10,3,10
22,5,3,10
23,8,3,10
24,9,3,10
25,9,3,10
26,4,3,10
27,3,3,10
28,4,3,10
29,9,3,10
30,4,3,10
31,6,3,10
32,10,3,10
33,7,3,10
34,8,3,10
35,5,3,10
36,8,3,10
37,9,3,10
38,3,3,10
39,8,3,10
40,10,3,10
41,8,3,10
42,5,3,10
43,9,3,10
44,4,3,10
45,6,3,10
46,9,3,10
47,5,3,10
48,5,3,10
49,4,3,10
49
0,1,2
48,49
47,49
46,49
1,3,5,16
3,4,24
4,6
5,7,21,38
6,8,10
2,9,13,30
9,11,12,20,25,26,47
11,14,27,42
12,15,43
7,17
13,18,29
14,19
20,22
8,23
27,28,32,39
28,31
29,33
16,34
19,35
31,36,41
33,37
32,40,46
39,44
21,45
26,48
10,30
15,34
17,39
18,36
22,45
23,30
24,34
25,48
30,39
34,41
35,46
36,38
37,40
38,43
40,45
41,45
42,48
43,48
44,46
45,48
