50
0,6,3,10
1,8,3,10
2,3,3,10
3,5,3,10
4,4,3,10
5,4,3,10
6,4,3,10
7,5,3,10
8,6,3,10
9,7,3,10
10,6,3,10
11,8,3,10
12,4,3,10
13,9,3,10
14,3,3,10
15,8,3,10
16,6,3,10
17,7,3,10
18,4,3,10
19,4,3,10
20,9,3,10
21,10,3,10
22,5,3,10
23,8,3,10
24,9,3,10
25,9,3,10
26,4,3,10
27,3,3,10
28,4,3,10
29,9,3,10
30,4,3,10
31,6,3,10
32,10,3,10
33,7,3,10
34,8,3,10
35,5,3,10
36,8,3,10
37,9,3,10
38,3,3,10
39,8,3,10
40,10,3,10
41,8,3,10
42,5,3,10
43,9,3,10
44,4,3,10
45,6,3,10
46,9,3,10
47,5,3,10
48,5,3,10
49,4,3,10
49
0,1,2
48,49
47,49
46,49
1,3,6,7,17,29,30
3,4,5,9,10,39
7,8,11,16,18
5,12,27,31
12,13,44
10,14,15
15,19,36
17,20,26
8,21,25,37
21,22,28
11,23
2,24,41
25,32
28,33,47
6,34
4,35
22,38
24,40
20,42
36,43
16,45
27,46
45,48
9,36
13,42
14,42
18,41
19,31
23,33
26,39
29,47
30,39
31,46
32,38
33,39
34,47
35,44
37,41
38,43
39,46
40,42
41,46
42,48
43,46
44,48
