50
0,6,3,10
1,8,3,10
2,3,3,10
3,5,3,10
4,4,3,10
5,4,3,10
6,4,3,10
7,5,3,10
8,6,3,10
9,7,3,10
10,6,3,10
11,8,3,10
12,4,3,10
13,9,3,10
14,3,3,10
15,8,3,10
16,6,3,10
17,7,3,10
18,4,3,10
19,4,3,10
20,9,3,10
21,10,3,10
22,5,3,10
23,8,3,10
24,9,3,10
25,9,3,10
26,4,3,10
27,3,3,10
28,4,3,10
29,9,3,10
30,4,3,10
31,6,3,10
32,10,3,10
33,7,3,10
34,8,3,10
35,5,3,10
36,8,3,10
37,9,3,10
38,3,3,10
39,8,3,10
40,10,3,10
41,8,3,10
42,5,3,10
43,9,3,10
44,4,3,10
45,6,3,10
46,9,3,10
47,5,3,10
48,5,3,10
49,4,3,10
49
0,1,2
48,49
47,49
46,49
2,3,16,18,33
1,4,5,7,11,12,17,48
3,6,25
7,8
8,9,45
4,10
9,13,23
12,14,41
5,15
16,19,21,27,28,46
15,20,31
6,22,26,35
17,24
26,29
27,30
23,32
25,34
24,36,39
14,37
34,38,40
36,42
20,43
35,44
29,47
10,19
11,44
13,38
18,20
19,35
21,38
22,31
28,43
30,34
31,39
32,33
33,38
37,42
38,47
39,45
40,45
41,43
42,44
43,47
44,47
45,47
