50
0,6,3,10
1,8,3,10
2,3,3,10
3,5,3,10
4,4,3,10
5,4,3,10
6,4,3,10
7,5,3,10
8,6,3,10
9,7,3,10
10,6,3,10
11,8,3,10
12,4,3,10
13,9,3,10
14,3,3,10
15,8,3,10
16,6,3,10
17,7,3,10
18,4,3,10
19,4,3,10
20,9,3,10
21,10,3,10
22,5,3,10
23,8,3,10
24,9,3,10
25,9,3,10
26,4,3,10
27,3,3,10
28,4,3,10
29,9,3,10
30,4,3,10
31,6,3,10
32,10,3,10
33,7,3,10
34,8,3,10
35,5,3,10
36,8,3,10
37,9,3,10
38,3,3,10
39,8,3,10
40,10,3,10
41,8,3,10
42,5,3,10
43,9,3,10
44,4,3,10
45,6,3,10
46,9,3,10
47,5,3,10
48,5,3,10
49,4,3,10
49
0,1,2
48,49
47,49
46,49
2,3,4,13,18,25
4,5,7,17
1,6,23,27
3,8,12,19,31,46
7,9,48
9,10,24,47
6,11,44
5,14
8,15
13,16,42
15,20
20,21
18,22
17,26
14,28,34
16,29,30
23,32
22,33
21,35
28,36
10,37,38
38,39
32,40
36,41
41,43
43,45
11,32
12,27
19,26
24,40
25,34
26,47
27,44
29,47
30,38
31,35
33,46
34,45
35,38
37,43
39,43
40,45
42,48
44,45
45,49
