50
0,6,3,10
1,8,3,10
2,3,3,10
3,5,3,10
4,4,3,10
5,4,3,10
6,4,3,10
7,5,3,10
8,6,3,10
9,7,3,10
10,6,3,10
11,8,3,10
12,4,3,10
13,9,3,10
14,3,3,10
15,8,3,10
16,6,3,10
17,7,3,10
18,4,3,10
19,4,3,10
20,9,3,10
21,10,3,10
22,5,3,10
23,8,3,10
24,9,3,10
25,9,3,10
26,4,3,10
27,3,3,10
28,4,3,10
29,9,3,10
30,4,3,10
31,6,3,10
32,10,3,10
33,7,3,10
34,8,3,10
35,5,3,10
36,8,3,10
37,9,3,10
38,3,3,10
39,8,3,10
40,10,3,10
41,8,3,10
42,5,3,10
43,9,3,10
44,4,3,10
45,6,3,10
46,9,3,10
47,5,3,10
48,5,3,10
49,4,3,10
49
0,1,2
48,49
47,49
46,49
1,3,5
3,4,9,11
5,6,7,40
6,8,14,39
8,10,30
11,12,13,22,32,35,42
9,15
12,16
2,17,20
16,18,24
10,19
7,21,47
13,23,25
20,26,41,48
22,27,36
23,28
26,29
27,31
29,33
28,34,43
36,37
25,38
34,44
33,45
19,46
4,23
14,24
15,41
17,43
18,26
21,27
24,44
30,36
31,45
32,40
35,36
37,45
38,39
39,44
40,46
41,45
42,48
43,44
44,48
45,46
