50
0,6,3,10
1,8,3,10
2,3,3,10
3,5,3,10
4,4,3,10
5,4,3,10
6,4,3,10
7,5,3,10
8,6,3,10
9,7,3,10
10,6,3,10
11,8,3,10
12,4,3,10
13,9,3,10
14,3,3,10
15,8,3,10
16,6,3,10
17,7,3,10
18,4,3,10
19,4,3,10
20,9,3,10
21,10,3,10
22,5,3,10
23,8,3,10
24,9,3,10
25,9,3,10
26,4,3,10
27,3,3,10
28,4,3,10
29,9,3,10
30,4,3,10
31,6,3,10
32,10,3,10
33,7,3,10
34,8,3,10
35,5,3,10
36,8,3,10
37,9,3,10
38,3,3,10
39,8,3,10
40,10,3,10
41,8,3,10
42,5,3,10
43,9,3,10
44,4,3,10
45,6,3,10
46,9,3,10
47,5,3,10
48,5,3,10
49,4,3,10
49
0,1,2
48,49
47,49
46,49
1,3,5,31,44
2,4,10
4,6,12,14,23
5,7,9,11
3,8,24
8,13,18
7,15
15,16
12,17
14,19,39,47
9,20,41
6,21
20,22,37
19,25
23,26
22,27,40
16,28
25,29
21,30
29,32
26,33
27,34
13,35,42
28,36
37,38
42,43,48
41,45
32,46
10,25
11,37
17,43
18,26
24,36
30,35
31,47
33,39
34,38
35,47
36,38
38,45
39,42
40,48
43,46
44,46
45,46
