50
0,6,3,10
1,8,3,10
2,3,3,10
3,5,3,10
4,4,3,10
5,4,3,10
6,4,3,10
7,5,3,10
8,6,3,10
9,7,3,10
10,6,3,10
11,8,3,10
12,4,3,10
13,9,3,10
14,3,3,10
15,8,3,10
16,6,3,10
17,7,3,10
18,4,3,10
19,4,3,10
20,9,3,10
21,10,3,10
22,5,3,10
23,8,3,10
24,9,3,10
25,9,3,10
26,4,3,10
27,3,3,10
28,4,3,10
29,9,3,10
30,4,3,10
31,6,3,10
32,10,3,10
33,7,3,10
34,8,3,10
35,5,3,10
36,8,3,10
37,9,3,10
38,3,3,10
39,8,3,10
40,10,3,10
41,8,3,10
42,5,3,10
43,9,3,10
44,4,3,10
45,6,3,10
46,9,3,10
47,5,3,10
48,5,3,10
49,4,3,10
49
0,1,2
48,49
47,49
46,49
1,3,4
4,5,7,10,14
2,6,9,18,21
6,8,11,23,29
10,12,13,34
5,15
15,16,17
11,19,25,38
7,20,28,32
14,22
21,24,47
19,26,33
22,27
8,30
27,31
34,35
16,36
29,37
18,39
17,40
25,41
33,42,45
9,43,44
36,46
20,48
3,23
12,44
13,16
23,30
24,30
26,47
28,37
30,40
31,44
32,42
35,39
37,48
38,43
39,43
40,43
41,43
42,46
43,45
44,45
45,48
