50
0,6,3,10
1,8,3,10
2,3,3,10
3,5,3,10
4,4,3,10
5,4,3,10
6,4,3,10
7,5,3,10
8,6,3,10
9,7,3,10
10,6,3,10
11,8,3,10
12,4,3,10
13,9,3,10
14,3,3,10
15,8,3,10
16,6,3,10
17,7,3,10
18,4,3,10
19,4,3,10
20,9,3,10
21,10,3,10
22,5,3,10
23,8,3,10
24,9,3,10
25,9,3,10
26,4,3,10
27,3,3,10
28,4,3,10
29,9,3,10
30,4,3,10
31,6,3,10
32,10,3,10
33,7,3,10
34,8,3,10
35,5,3,10
36,8,3,10
37,9,3,10
38,3,3,10
39,8,3,10
40,10,3,10
41,8,3,10
42,5,3,10
43,9,3,10
44,4,3,10
45,6,3,10
46,9,3,10
47,5,3,10
48,5,3,10
49,4,3,10
49
0,1,2
48,49
47,49
46,49
2,3,4,17
4,5,8,9,20
1,6
3,7,18,35
6,10
8,11,32,34
7,12,16,37
5,13,21,24
10,14,25
11,15,45
12,19
15,22
20,23
19,26,31
21,27,28,33
14,29
29,30
18,36
27,38,42
16,39
37,40
35,41
34,43
24,44
13,46
41,47
9,48
17,43
22,48
23,28
25,43
26,36
28,44
30,45
31,42
32,42
33,34
36,47
38,48
39,42
40,44
42,43
43,45
44,47
45,48
