50
0,6,3,10
1,8,3,10
2,3,3,10
3,5,3,10
4,4,3,10
5,4,3,10
6,4,3,10
7,5,3,10
8,6,3,10
9,7,3,10
10,6,3,10
11,8,3,10
12,4,3,10
13,9,3,10
14,3,3,10
15,8,3,10
16,6,3,10
17,7,3,10
18,4,3,10
19,4,3,10
20,9,3,10
21,10,3,10
22,5,3,10
23,8,3,10
24,9,3,10
25,9,3,10
26,4,3,10
27,3,3,10
28,4,3,10
29,9,3,10
30,4,3,10
31,6,3,10
32,10,3,10
33,7,3,10
34,8,3,10
35,5,3,10
36,8,3,10
37,9,3,10
38,3,3,10
39,8,3,10
40,10,3,10
41,8,3,10
42,5,3,10
43,9,3,10
44,4,3,10
45,6,3,10
46,9,3,10
47,5,3,10
48,5,3,10
49,4,3,10
49
0,1,2
48,49
47,49
46,49
2,3,4,30
4,5,7,9,10,12,21,25,38
3,6
7,8,23,33
5,11,24
1,13,17,26
11,14
14,15,39
9,16,40,41
12,18,29
18,19,20
10,22,32
25,27
15,28,45
28,31
22,34,35
8,36
36,37
16,42
30,43
17,44
42,46
38,47,48
6,22
13,21
19,39
20,34
21,43
23,24
24,28
26,45
27,39
29,36
31,34
32,34
33,44
34,44
35,44
37,46
39,40
40,42
41,46
43,44
44,47
45,48
