50
0,6,3,10
1,8,3,10
2,3,3,10
3,5,3,10
4,4,3,10
5,4,3,10
6,4,3,10
7,5,3,10
8,6,3,10
9,7,3,10
10,6,3,10
11,8,3,10
12,4,3,10
13,9,3,10
14,3,3,10
15,8,3,10
16,6,3,10
17,7,3,10
18,4,3,10
19,4,3,10
20,9,3,10
21,10,3,10
22,5,3,10
23,8,3,10
24,9,3,10
25,9,3,10
26,4,3,10
27,3,3,10
28,4,3,10
29,9,3,10
30,4,3,10
31,6,3,10
32,10,3,10
33,7,3,10
34,8,3,10
35,5,3,10
36,8,3,10
37,9,3,10
38,3,3,10
39,8,3,10
40,10,3,10
41,8,3,10
42,5,3,10
43,9,3,10
44,4,3,10
45,6,3,10
46,9,3,10
47,5,3,10
48,5,3,10
49,4,3,10
49
0,1,2
48,49
47,49
46,49
1,3,8,10,11
2,4,7,45
4,5,16,42
3,6,18
5,9
7,12,13,30,38
6,14,23
10,15
8,17,47
18,19
12,20,27
13,21
19,22
20,24
15,25,26,33
9,28
17,29
21,31,34
22,32
27,35,37
14,36
24,39
25,40
39,41
37,43,46
32,44
38,48
11,39
16,33
23,47
26,48
28,35
29,32
30,44
31,32
33,35
34,36
35,46
36,46
40,41
41,44
42,44
43,48
44,48
45,47
