50
0,6,3,10
1,8,3,10
2,3,3,10
3,5,3,10
4,4,3,10
5,4,3,10
6,4,3,10
7,5,3,10
8,6,3,10
9,7,3,10
10,6,3,10
11,8,3,10
12,4,3,10
13,9,3,10
14,3,3,10
15,8,3,10
16,6,3,10
17,7,3,10
18,4,3,10
19,4,3,10
20,9,3,10
21,10,3,10
22,5,3,10
23,8,3,10
24,9,3,10
25,9,3,10
26,4,3,10
27,3,3,10
28,4,3,10
29,9,3,10
30,4,3,10
31,6,3,10
32,10,3,10
33,7,3,10
34,8,3,10
35,5,3,10
36,8,3,10
37,9,3,10
38,3,3,10
39,8,3,10
40,10,3,10
41,8,3,10
42,5,3,10
43,9,3,10
44,4,3,10
45,6,3,10
46,9,3,10
47,5,3,10
48,5,3,10
49,4,3,10
49
0,1,2
48,49
47,49
46,49
2,3,4,7,11,13,16,33
3,5,6,39
6,8,9,17,37
7,10
4,12,14,15
1,18
13,19
8,20
5,21
11,22,32
17,23,30,31
9,24
20,25
16,26,38,41
25,27
22,28,29,34
28,35,47,48
15,36,44
39,40,42
27,43
32,45
35,46
10,41
12,39
14,25
18,37
19,30
21,47
23,41
24,36
26,48
29,47
30,48
31,45
33,42
34,45
36,38
37,48
38,40
40,46
41,48
42,45
43,47
44,48
45,47
