50
0,6,3,10
1,8,3,10
2,3,3,10
3,5,3,10
4,4,3,10
5,4,3,10
6,4,3,10
7,5,3,10
8,6,3,10
9,7,3,10
10,6,3,10
11,8,3,10
12,4,3,10
13,9,3,10
14,3,3,10
15,8,3,10
16,6,3,10
17,7,3,10
18,4,3,10
19,4,3,10
20,9,3,10
21,10,3,10
22,5,3,10
23,8,3,10
24,9,3,10
25,9,3,10
26,4,3,10
27,3,3,10
28,4,3,10
29,9,3,10
30,4,3,10
31,6,3,10
32,10,3,10
33,7,3,10
34,8,3,10
35,5,3,10
36,8,3,10
37,9,3,10
38,3,3,10
39,8,3,10
40,10,3,10
41,8,3,10
42,5,3,10
43,9,3,10
44,4,3,10
45,6,3,10
46,9,3,10
47,5,3,10
48,5,3,10
49,4,3,10
49
0,1,2
48,49
47,49
46,49
2,3,43
1,4,6,12
4,5,20,48
5,7,11,21,33
3,8,13,42
6,9,16,22
8,10,15,24
10,14,23,34
14,17
13,18,44
16,19
23,25
9,26,38
12,27,29,35,39,45
22,28,31
17,30
30,32
21,36
27,37
31,40
20,41
40,46
43,47
7,46
11,37
15,35
18,37
19,42
24,38
25,47
26,35
28,34
29,37
32,45
33,40
34,39
35,44
36,44
37,47
38,48
39,48
41,47
42,45
44,46
45,46
