50
0,6,3,10
1,8,3,10
2,3,3,10
3,5,3,10
4,4,3,10
5,4,3,10
6,4,3,10
7,5,3,10
8,6,3,10
9,7,3,10
10,6,3,10
11,8,3,10
12,4,3,10
13,9,3,10
14,3,3,10
15,8,3,10
16,6,3,10
17,7,3,10
18,4,3,10
19,4,3,10
20,9,3,10
21,10,3,10
22,5,3,10
23,8,3,10
24,9,3,10
25,9,3,10
26,4,3,10
27,3,3,10
28,4,3,10
29,9,3,10
30,4,3,10
31,6,3,10
32,10,3,10
33,7,3,10
34,8,3,10
35,5,3,10
36,8,3,10
37,9,3,10
38,3,3,10
39,8,3,10
40,10,3,10
41,8,3,10
42,5,3,10
43,9,3,10
44,4,3,10
45,6,3,10
46,9,3,10
47,5,3,10
48,5,3,10
49,4,3,10
49
0,1,2
48,49
47,49
46,49
1,3,9,12,15,30
3,4,8
4,5,6,10
2,7,11,21
5,13,29
10,14
6,16
12,17
15,18
8,19,34
14,20,24,25
9,22
17,23,36
7,26,40
24,27,28,37
18,31,35
26,32,42
21,33
32,38,45,48
31,39
19,41
41,43
23,44
22,46
16,47
11,14
13,41
20,36
25,39
27,39
28,35
29,44
30,39
33,35
34,44
35,40
36,37
37,39
38,47
39,40
40,43
42,47
43,44
44,48
45,47
