50
0,6,3,10
1,8,3,10
2,3,3,10
3,5,3,10
4,4,3,10
5,4,3,10
6,4,3,10
7,5,3,10
8,6,3,10
9,7,3,10
10,6,3,10
11,8,3,10
12,4,3,10
13,9,3,10
14,3,3,10
15,8,3,10
16,6,3,10
17,7,3,10
18,4,3,10
19,4,3,10
20,9,3,10
21,10,3,10
22,5,3,10
23,8,3,10
24,9,3,10
25,9,3,10
26,4,3,10
27,3,3,10
28,4,3,10
29,9,3,10
30,4,3,10
31,6,3,10
32,10,3,10
33,7,3,10
34,8,3,10
35,5,3,10
36,8,3,10
37,9,3,10
38,3,3,10
39,8,3,10
40,10,3,10
41,8,3,10
42,5,3,10
43,9,3,10
44,4,3,10
45,6,3,10
46,9,3,10
47,5,3,10
48,5,3,10
49,4,3,10
49
0,1,2
48,49
47,49
46,49
2,3,10,17,35
3,4,5,8,18,24
1,6,27,29
4,7,11,15,30
5,9,23
11,12,14,16,22
10,13,21
12,19,38,48
19,20
9,25
14,26
23,28,43
30,31
17,32,47
29,33,34
25,36
21,37,42
26,39
35,40
8,41
6,44
34,45
39,46
7,37
13,24
15,19
16,36
18,40
20,36
22,48
24,44
27,45
28,48
31,48
32,33
33,44
36,43
37,48
38,41
40,45
41,46
42,43
43,44
44,45
45,46
