50
0,6,3,10
1,8,3,10
2,3,3,10
3,5,3,10
4,4,3,10
5,4,3,10
6,4,3,10
7,5,3,10
8,6,3,10
9,7,3,10
10,6,3,10
11,8,3,10
12,4,3,10
13,9,3,10
14,3,3,10
15,8,3,10
16,6,3,10
17,7,3,10
18,4,3,10
19,4,3,10
20,9,3,10
21,10,3,10
22,5,3,10
23,8,3,10
24,9,3,10
25,9,3,10
26,4,3,10
27,3,3,10
28,4,3,10
29,9,3,10
30,4,3,10
31,6,3,10
32,10,3,10
33,7,3,10
34,8,3,10
35,5,3,10
36,8,3,10
37,9,3,10
38,3,3,10
39,8,3,10
40,10,3,10
41,8,3,10
42,5,3,10
43,9,3,10
44,4,3,10
45,6,3,10
46,9,3,10
47,5,3,10
48,5,3,10
49,4,3,10
49
0,1,2
48,49
47,49
46,49
2,3,16,22,40
1,4,5,7,17,19,34
5,6,10
6,8,11,18,43
4,9,12,41
9,13
12,14
3,15,20,23,46
10,21,25
18,24
8,26,48
16,27,29
26,28,39
17,30
27,31
15,32
14,33
21,35
31,36,37
24,38
39,42
29,44
7,45
45,47
11,24
13,20
19,31
20,38
22,36
23,29
25,41
28,46
30,46
32,47
33,37
34,38
35,40
36,44
37,38
38,39
40,47
41,43
42,47
43,46
44,47
