50
0,6,3,10
1,8,3,10
2,3,3,10
3,5,3,10
4,4,3,10
5,4,3,10
6,4,3,10
7,5,3,10
8,6,3,10
9,7,3,10
10,6,3,10
11,8,3,10
12,4,3,10
13,9,3,10
14,3,3,10
15,8,3,10
16,6,3,10
17,7,3,10
18,4,3,10
19,4,3,10
20,9,3,10
21,10,3,10
22,5,3,10
23,8,3,10
24,9,3,10
25,9,3,10
26,4,3,10
27,3,3,10
28,4,3,10
29,9,3,10
30,4,3,10
31,6,3,10
32,10,3,10
33,7,3,10
34,8,3,10
35,5,3,10
36,8,3,10
37,9,3,10
38,3,3,10
39,8,3,10
40,10,3,10
41,8,3,10
42,5,3,10
43,9,3,10
44,4,3,10
45,6,3,10
46,9,3,10
47,5,3,10
48,5,3,10
49,4,3,10
49
0,1,2
48,49
47,49
46,49
2,3,8
1,4,5,24,40
5,6,7,13,31
3,9,10
7,11,16,19,21,43
8,12
6,14,15,18,42
9,17,22,27
15,20,35
16,23,41
22,25,34
12,26
23,28,44
27,29
18,30
30,32
14,33
24,36
36,37,48
34,38
37,39
43,45
10,46
35,47
4,15
11,32
13,43
17,41
19,47
20,45
21,48
25,36
26,31
28,30
29,47
31,43
32,45
33,36
38,43
39,41
40,41
41,46
42,48
44,47
45,48
