50
0,6,3,10
1,8,3,10
2,3,3,10
3,5,3,10
4,4,3,10
5,4,3,10
6,4,3,10
7,5,3,10
8,6,3,10
9,7,3,10
10,6,3,10
11,8,3,10
12,4,3,10
13,9,3,10
14,3,3,10
15,8,3,10
16,6,3,10
17,7,3,10
18,4,3,10
19,4,3,10
20,9,3,10
21,10,3,10
22,5,3,10
23,8,3,10
24,9,3,10
25,9,3,10
26,4,3,10
27,3,3,10
28,4,3,10
29,9,3,10
30,4,3,10
31,6,3,10
32,10,3,10
33,7,3,10
34,8,3,10
35,5,3,10
36,8,3,10
37,9,3,10
38,3,3,10
39,8,3,10
40,10,3,10
41,8,3,10
42,5,3,10
43,9,3,10
44,4,3,10
45,6,3,10
46,9,3,10
47,5,3,10
48,5,3,10
49,4,3,10
49
0,1,2
48,49
47,49
46,49
2,3
3,4,7,45
1,5,8,33
5,6,10,29
8,9,11,15
10,12
11,13
7,14,32
13,16,23,37
14,17
9,18,31
17,19,27
19,20,25
16,21
21,22,28
20,24,41
6,26
18,30,36,43
28,34
32,35,40
30,38,39
24,42
29,44
40,46
42,47
12,48
4,47
15,32
22,40
23,32
25,36
26,27
27,40
31,35
33,34
34,45
35,44
36,41
37,48
38,48
39,47
41,42
43,44
44,47
45,47
