50
0,6,3,10
1,8,3,10
2,3,3,10
3,5,3,10
4,4,3,10
5,4,3,10
6,4,3,10
7,5,3,10
8,6,3,10
9,7,3,10
10,6,3,10
11,8,3,10
12,4,3,10
13,9,3,10
14,3,3,10
15,8,3,10
16,6,3,10
17,7,3,10
18,4,3,10
19,4,3,10
20,9,3,10
21,10,3,10
22,5,3,10
23,8,3,10
24,9,3,10
25,9,3,10
26,4,3,10
27,3,3,10
28,4,3,10
29,9,3,10
30,4,3,10
31,6,3,10
32,10,3,10
33,7,3,10
34,8,3,10
35,5,3,10
36,8,3,10
37,9,3,10
38,3,3,10
39,8,3,10
40,10,3,10
41,8,3,10
42,5,3,10
43,9,3,10
44,4,3,10
45,6,3,10
46,9,3,10
47,5,3,10
48,5,3,10
49,4,3,10
49
0,1,2
48,49
47,49
46,49
1,3,6,12,26,37
3,4,7,17
2,5,27
5,8,14,15
6,9,11,23,29
8,10
7,13,24,40,41
10,16,33,39
17,18
12,19
19,20
13,21
18,22,30
22,25
21,28,34,35,44
15,31,36,42
23,32
29,38
16,43
27,45
20,46
36,47
26,48
4,9
9,47
11,15
14,23
24,28
25,38
28,43
30,36
31,34
32,46
33,42
34,38
35,36
37,43
38,45
39,47
40,47
41,44
42,46
43,47
44,48
45,47
