50
0,6,3,10
1,8,3,10
2,3,3,10
3,5,3,10
4,4,3,10
5,4,3,10
6,4,3,10
7,5,3,10
8,6,3,10
9,7,3,10
10,6,3,10
11,8,3,10
12,4,3,10
13,9,3,10
14,3,3,10
15,8,3,10
16,6,3,10
17,7,3,10
18,4,3,10
19,4,3,10
20,9,3,10
21,10,3,10
22,5,3,10
23,8,3,10
24,9,3,10
25,9,3,10
26,4,3,10
27,3,3,10
28,4,3,10
29,9,3,10
30,4,3,10
31,6,3,10
32,10,3,10
33,7,3,10
34,8,3,10
35,5,3,10
36,8,3,10
37,9,3,10
38,3,3,10
39,8,3,10
40,10,3,10
41,8,3,10
42,5,3,10
43,9,3,10
44,4,3,10
45,6,3,10
46,9,3,10
47,5,3,10
48,5,3,10
49,4,3,10
49
0,1,2
48,49
47,49
46,49
2,3,10,21
3,4,7,15,16
4,5,12,28
5,6,11,29
1,8,13,20
8,9,23,45
10,14
11,17,38
9,18
6,19,24,30
7,22,26,33
20,25,39,42,46
22,27,31,32
17,34
15,35
35,36
29,37
13,40,48
19,41
18,43
24,44
44,47
12,44
14,30
16,23
21,30
23,46
25,31
26,28
27,40
28,32
30,38
31,35
32,37
33,37
34,35
36,43
37,39
38,40
39,43
40,41
41,45
42,47
43,47
45,47
