50
0,6,3,10
1,8,3,10
2,3,3,10
3,5,3,10
4,4,3,10
5,4,3,10
6,4,3,10
7,5,3,10
8,6,3,10
9,7,3,10
10,6,3,10
11,8,3,10
12,4,3,10
13,9,3,10
14,3,3,10
15,8,3,10
16,6,3,10
17,7,3,10
18,4,3,10
19,4,3,10
20,9,3,10
21,10,3,10
22,5,3,10
23,8,3,10
24,9,3,10
25,9,3,10
26,4,3,10
27,3,3,10
28,4,3,10
29,9,3,10
30,4,3,10
31,6,3,10
32,10,3,10
33,7,3,10
34,8,3,10
35,5,3,10
36,8,3,10
37,9,3,10
38,3,3,10
39,8,3,10
40,10,3,10
41,8,3,10
42,5,3,10
43,9,3,10
44,4,3,10
45,6,3,10
46,9,3,10
47,5,3,10
48,5,3,10
49,4,3,10
49
0,1,2
48,49
47,49
46,49
1,3,4,29,31
4,5,6,32
3,7
2,8,45
7,9,11,27,34
8,10,16
10,12
12,13,15,30,42
5,14,18,28,43
9,17
6,19
15,20,22
20,21
19,23
23,24
22,25
13,26
24,33
17,35
30,36
11,37
28,38,39
25,40
37,41
33,44
31,46
32,47
43,48
14,27
16,41
18,27
21,27
26,48
27,38
29,36
34,44
35,44
36,44
38,48
39,45
40,46
41,43
42,47
44,47
45,47
