50
0,6,3,10
1,8,3,10
2,3,3,10
3,5,3,10
4,4,3,10
5,4,3,10
6,4,3,10
7,5,3,10
8,6,3,10
9,7,3,10
10,6,3,10
11,8,3,10
12,4,3,10
13,9,3,10
14,3,3,10
15,8,3,10
16,6,3,10
17,7,3,10
18,4,3,10
19,4,3,10
20,9,3,10
21,10,3,10
22,5,3,10
23,8,3,10
24,9,3,10
25,9,3,10
26,4,3,10
27,3,3,10
28,4,3,10
29,9,3,10
30,4,3,10
31,6,3,10
32,10,3,10
33,7,3,10
34,8,3,10
35,5,3,10
36,8,3,10
37,9,3,10
38,3,3,10
39,8,3,10
40,10,3,10
41,8,3,10
42,5,3,10
43,9,3,10
44,4,3,10
45,6,3,10
46,9,3,10
47,5,3,10
48,5,3,10
49,4,3,10
49
0,1,2
48,49
47,49
46,49
1,3,4,5,11,13,24,36
3,6,9,16,33
5,7
7,8,27,31,37
8,10,15,17,18
4,12,40
6,14,19,23,28
13,20,38
17,21,41
14,22
2,25
24,26
16,29
28,30
26,32
18,34
22,35
33,39
29,42
12,43
19,44
32,45
36,46
39,47
34,48
9,30
10,40
11,34
15,19
20,33
21,38
23,29
25,35
27,43
30,38
31,32
35,39
37,42
38,42
40,47
41,45
42,46
43,45
44,47
45,46
