50
0,6,3,10
1,8,3,10
2,3,3,10
3,5,3,10
4,4,3,10
5,4,3,10
6,4,3,10
7,5,3,10
8,6,3,10
9,7,3,10
10,6,3,10
11,8,3,10
12,4,3,10
13,9,3,10
14,3,3,10
15,8,3,10
16,6,3,10
17,7,3,10
18,4,3,10
19,4,3,10
20,9,3,10
21,10,3,10
22,5,3,10
23,8,3,10
24,9,3,10
25,9,3,10
26,4,3,10
27,3,3,10
28,4,3,10
29,9,3,10
30,4,3,10
31,6,3,10
32,10,3,10
33,7,3,10
34,8,3,10
35,5,3,10
36,8,3,10
37,9,3,10
38,3,3,10
39,8,3,10
40,10,3,10
41,8,3,10
42,5,3,10
43,9,3,10
44,4,3,10
45,6,3,10
46,9,3,10
47,5,3,10
48,5,3,10
49,4,3,10
49
0,1,2
48,49
47,49
46,49
1,3,4,5,6,8,10
5,7,9,17,32
7,11,13
2,12,24,41
11,14,15,16,22
8,18,19
3,20
4,21
12,23
18,25,37,43
16,26,35,42
6,27,28
19,29,39,40
13,30,36
9,31
32,33,48
23,34
35,38
42,44
44,45,46
10,47
14,20
15,27
17,25
20,47
21,39
22,40
24,37
25,28
26,34
27,33
28,45
29,30
30,44
31,38
33,47
34,37
36,40
37,44
38,40
39,48
40,41
41,45
43,44
45,48
