50
0,6,3,10
1,8,3,10
2,3,3,10
3,5,3,10
4,4,3,10
5,4,3,10
6,4,3,10
7,5,3,10
8,6,3,10
9,7,3,10
10,6,3,10
11,8,3,10
12,4,3,10
13,9,3,10
14,3,3,10
15,8,3,10
16,6,3,10
17,7,3,10
18,4,3,10
19,4,3,10
20,9,3,10
21,10,3,10
22,5,3,10
23,8,3,10
24,9,3,10
25,9,3,10
26,4,3,10
27,3,3,10
28,4,3,10
29,9,3,10
30,4,3,10
31,6,3,10
32,10,3,10
33,7,3,10
34,8,3,10
35,5,3,10
36,8,3,10
37,9,3,10
38,3,3,10
39,8,3,10
40,10,3,10
41,8,3,10
42,5,3,10
43,9,3,10
44,4,3,10
45,6,3,10
46,9,3,10
47,5,3,10
48,5,3,10
49,4,3,10
49
0,1,2
48,49
47,49
46,49
2,3
1,4,5,34,45
3,6,25
6,7,11,19,39
5,8,14
4,9,21
7,10
11,12
10,13
14,15,20,23,32
12,16,18,26
13,17
18,22
20,24,29,36
26,27
21,28
27,30
25,31,43
32,33,44
31,35
33,37
28,38
23,40
39,41
30,42
45,46
41,47
40,48
8,48
9,37
15,44
16,29
17,23
19,40
22,33
24,30
29,43
34,48
35,36
36,37
37,38
38,46
42,43
43,48
44,48
