50
0,6,3,10
1,8,3,10
2,3,3,10
3,5,3,10
4,4,3,10
5,4,3,10
6,4,3,10
7,5,3,10
8,6,3,10
9,7,3,10
10,6,3,10
11,8,3,10
12,4,3,10
13,9,3,10
14,3,3,10
15,8,3,10
16,6,3,10
17,7,3,10
18,4,3,10
19,4,3,10
20,9,3,10
21,10,3,10
22,5,3,10
23,8,3,10
24,9,3,10
25,9,3,10
26,4,3,10
27,3,3,10
28,4,3,10
29,9,3,10
30,4,3,10
31,6,3,10
32,10,3,10
33,7,3,10
34,8,3,10
35,5,3,10
36,8,3,10
37,9,3,10
38,3,3,10
39,8,3,10
40,10,3,10
41,8,3,10
42,5,3,10
43,9,3,10
44,4,3,10
45,6,3,10
46,9,3,10
47,5,3,10
48,5,3,10
49,4,3,10
49
0,1,2
48,49
47,49
46,49
2,3,7,8,10,19,23,31
1,4,9,26,35,39
3,5,14,37
5,6,30
7,11,24
8,12,18,22
9,13,28
10,15,25,48
11,16,21,41,42
12,17,33
16,20
4,27
23,29
20,32
31,34
32,36,38
22,40
30,43
29,44
28,45,46
37,47
6,11
13,20
14,35
15,35
17,25
18,36
19,47
21,29
24,46
25,44
26,32
27,32
33,37
34,40
35,43
36,47
38,45
39,47
40,41
41,48
42,47
43,45
44,47
45,47
