50
0,6,3,10
1,8,3,10
2,3,3,10
3,5,3,10
4,4,3,10
5,4,3,10
6,4,3,10
7,5,3,10
8,6,3,10
9,7,3,10
10,6,3,10
11,8,3,10
12,4,3,10
13,9,3,10
14,3,3,10
15,8,3,10
16,6,3,10
17,7,3,10
18,4,3,10
19,4,3,10
20,9,3,10
21,10,3,10
22,5,3,10
23,8,3,10
24,9,3,10
25,9,3,10
26,4,3,10
27,3,3,10
28,4,3,10
29,9,3,10
30,4,3,10
31,6,3,10
32,10,3,10
33,7,3,10
34,8,3,10
35,5,3,10
36,8,3,10
37,9,3,10
38,3,3,10
39,8,3,10
40,10,3,10
41,8,3,10
42,5,3,10
43,9,3,10
44,4,3,10
45,6,3,10
46,9,3,10
47,5,3,10
48,5,3,10
49,4,3,10
49
0,1,2
48,49
47,49
46,49
2,3,8,18
1,4
4,5
3,6,7,14,15,16,30,39
5,9,19,25,46
7,10
8,11,12,36
6,13
10,17,31
14,20,27,38
20,21,26,40
9,22,34
18,23
16,24
17,28,37
22,29,42
29,32,44
31,33
26,35
25,41
37,43
15,45
28,47
39,48
11,40
12,29
13,47
19,45
21,46
23,42
24,36
27,29
30,40
32,41
33,34
34,48
35,46
36,45
38,48
40,41
41,47
42,48
43,47
44,45
45,48
