50
0,6,3,10
1,8,3,10
2,3,3,10
3,5,3,10
4,4,3,10
5,4,3,10
6,4,3,10
7,5,3,10
8,6,3,10
9,7,3,10
10,6,3,10
11,8,3,10
12,4,3,10
13,9,3,10
14,3,3,10
15,8,3,10
16,6,3,10
17,7,3,10
18,4,3,10
19,4,3,10
20,9,3,10
21,10,3,10
22,5,3,10
23,8,3,10
24,9,3,10
25,9,3,10
26,4,3,10
27,3,3,10
28,4,3,10
29,9,3,10
30,4,3,10
31,6,3,10
32,10,3,10
33,7,3,10
34,8,3,10
35,5,3,10
36,8,3,10
37,9,3,10
38,3,3,10
39,8,3,10
40,10,3,10
41,8,3,10
42,5,3,10
43,9,3,10
44,4,3,10
45,6,3,10
46,9,3,10
47,5,3,10
48,5,3,10
49,4,3,10
49
0,1,2
48,49
47,49
46,49
2,3,13,24,25
1,4,6,17
4,5,12,41
6,7,18,38
5,8,9,34
8,10,14,22
7,11,21,30,44
3,15
15,16
16,19,37
17,20
21,23,27,31
20,26,29
18,28,36
25,32
28,33
11,35
26,39,40
37,42
27,43
40,45
34,46
12,47
32,48
9,39
10,48
13,43
14,18
19,35
22,33
23,25
24,46
29,46
30,48
31,37
33,42
35,36
36,46
38,40
39,45
41,47
42,45
43,47
44,47
45,46
