50
0,6,3,10
1,8,3,10
2,3,3,10
3,5,3,10
4,4,3,10
5,4,3,10
6,4,3,10
7,5,3,10
8,6,3,10
9,7,3,10
10,6,3,10
11,8,3,10
12,4,3,10
13,9,3,10
14,3,3,10
15,8,3,10
16,6,3,10
17,7,3,10
18,4,3,10
19,4,3,10
20,9,3,10
21,10,3,10
22,5,3,10
23,8,3,10
24,9,3,10
25,9,3,10
26,4,3,10
27,3,3,10
28,4,3,10
29,9,3,10
30,4,3,10
31,6,3,10
32,10,3,10
33,7,3,10
34,8,3,10
35,5,3,10
36,8,3,10
37,9,3,10
38,3,3,10
39,8,3,10
40,10,3,10
41,8,3,10
42,5,3,10
43,9,3,10
44,4,3,10
45,6,3,10
46,9,3,10
47,5,3,10
48,5,3,10
49,4,3,10
49
0,1,2
48,49
47,49
46,49
1,3,4,10,11,14,29
3,5
2,6,34
4,7,15
7,8,36
6,9,17,42
8,12,22,26
12,13,19,21,40
9,16,31
16,18
17,20
10,23,38
22,24,44
13,25
26,27
21,28
19,30,33
25,32,43
11,35,45
29,37,39,41,48
31,46
36,47
5,47
14,38
15,37
18,43
20,41
23,43
24,27
27,39
28,39
30,44
32,47
33,45
34,46
35,37
37,42
38,42
39,42
40,42
41,47
42,43
43,47
44,46
45,47
