50
0,6,3,10
1,8,3,10
2,3,3,10
3,5,3,10
4,4,3,10
5,4,3,10
6,4,3,10
7,5,3,10
8,6,3,10
9,7,3,10
10,6,3,10
11,8,3,10
12,4,3,10
13,9,3,10
14,3,3,10
15,8,3,10
16,6,3,10
17,7,3,10
18,4,3,10
19,4,3,10
20,9,3,10
21,10,3,10
22,5,3,10
23,8,3,10
24,9,3,10
25,9,3,10
26,4,3,10
27,3,3,10
28,4,3,10
29,9,3,10
30,4,3,10
31,6,3,10
32,10,3,10
33,7,3,10
34,8,3,10
35,5,3,10
36,8,3,10
37,9,3,10
38,3,3,10
39,8,3,10
40,10,3,10
41,8,3,10
42,5,3,10
43,9,3,10
44,4,3,10
45,6,3,10
46,9,3,10
47,5,3,10
48,5,3,10
49,4,3,10
49
0,1,2
48,49
47,49
46,49
1,3,4,10,20,25,31
3,5,6,15,36,37
6,7,19,27
7,8
5,9,43
9,11,34,35,41
8,12
12,13,23
13,14,16,38,40
10,17
16,18,26,29
19,21,28
21,22
20,24
26,30
24,32
22,33,44,45,47
33,39
23,42
39,46
15,48
2,5
4,33
11,18
14,17
17,46
18,44
25,39
27,38
28,46
29,33
30,47
31,32
32,40
34,39
35,47
36,44
37,42
38,46
40,42
41,44
42,48
43,45
44,48
45,46
