50
0,6,3,10
1,8,3,10
2,3,3,10
3,5,3,10
4,4,3,10
5,4,3,10
6,4,3,10
7,5,3,10
8,6,3,10
9,7,3,10
10,6,3,10
11,8,3,10
12,4,3,10
13,9,3,10
14,3,3,10
15,8,3,10
16,6,3,10
17,7,3,10
18,4,3,10
19,4,3,10
20,9,3,10
21,10,3,10
22,5,3,10
23,8,3,10
24,9,3,10
25,9,3,10
26,4,3,10
27,3,3,10
28,4,3,10
29,9,3,10
30,4,3,10
31,6,3,10
32,10,3,10
33,7,3,10
34,8,3,10
35,5,3,10
36,8,3,10
37,9,3,10
38,3,3,10
39,8,3,10
40,10,3,10
41,8,3,10
42,5,3,10
43,9,3,10
44,4,3,10
45,6,3,10
46,9,3,10
47,5,3,10
48,5,3,10
49,4,3,10
49
0,1,2
48,49
47,49
46,49
2,3,4,5,10,48
3,6,8
1,7,12,16,25,37
5,9,22
9,11,24
8,13,15
13,14,19
7,17,32
11,18,27,28,35
14,20,40
6,21
12,23
21,26
15,29
23,30,38
25,31,42
16,33,39,45
27,34
35,36
34,41,46
4,43
43,44
40,47
10,11
17,27
18,30
19,43
20,24
22,39
24,38
26,44
28,31
29,36
30,47
31,46
32,36
33,36
36,43
37,44
38,47
39,41
41,47
42,47
44,46
45,47
