50
0,6,3,10
1,8,3,10
2,3,3,10
3,5,3,10
4,4,3,10
5,4,3,10
6,4,3,10
7,5,3,10
8,6,3,10
9,7,3,10
10,6,3,10
11,8,3,10
12,4,3,10
13,9,3,10
14,3,3,10
15,8,3,10
16,6,3,10
17,7,3,10
18,4,3,10
19,4,3,10
20,9,3,10
21,10,3,10
22,5,3,10
23,8,3,10
24,9,3,10
25,9,3,10
26,4,3,10
27,3,3,10
28,4,3,10
29,9,3,10
30,4,3,10
31,6,3,10
32,10,3,10
33,7,3,10
34,8,3,10
35,5,3,10
36,8,3,10
37,9,3,10
38,3,3,10
39,8,3,10
40,10,3,10
41,8,3,10
42,5,3,10
43,9,3,10
44,4,3,10
45,6,3,10
46,9,3,10
47,5,3,10
48,5,3,10
49,4,3,10
49
0,1,2
48,49
47,49
46,49
2,3,4,7,8,46,48
3,5,6,11,12,18,40,41
6,9
1,10,14,15
9,13,19,29
12,16,36
5,17,43
14,20,42
7,21
13,22,31
15,23,26
20,24
11,25
8,27,37
19,28,47
25,30
17,32,45
4,33
30,34
31,35
27,38
21,39
33,44
10,13
16,39
18,43
22,28
23,30
24,48
26,46
28,33
29,36
32,38
34,47
35,44
36,45
37,38
38,39
39,47
40,43
41,42
42,44
43,44
44,45
45,49
