50
0,6,3,10
1,8,3,10
2,3,3,10
3,5,3,10
4,4,3,10
5,4,3,10
6,4,3,10
7,5,3,10
8,6,3,10
9,7,3,10
10,6,3,10
11,8,3,10
12,4,3,10
13,9,3,10
14,3,3,10
15,8,3,10
16,6,3,10
17,7,3,10
18,4,3,10
19,4,3,10
20,9,3,10
21,10,3,10
22,5,3,10
23,8,3,10
24,9,3,10
25,9,3,10
26,4,3,10
27,3,3,10
28,4,3,10
29,9,3,10
30,4,3,10
31,6,3,10
32,10,3,10
33,7,3,10
34,8,3,10
35,5,3,10
36,8,3,10
37,9,3,10
38,3,3,10
39,8,3,10
40,10,3,10
41,8,3,10
42,5,3,10
43,9,3,10
44,4,3,10
45,6,3,10
46,9,3,10
47,5,3,10
48,5,3,10
49,4,3,10
49
0,1,2
48,49
47,49
46,49
1,3,13
3,4,5,15,19,28,33,35
2,6,31,40
6,7,8
7,9,21,43
5,10,20
8,11
10,12
4,14
15,16,23,29
11,17,18,41
19,22
22,24,25
25,26
18,27,36,38
9,30
24,32
23,34
21,37,39
28,42
36,44
29,45
16,46
32,47
43,48
12,26
13,32
14,20
17,30
20,31
26,34
27,45
30,44
31,36
33,47
34,36
35,48
37,46
38,47
39,45
40,48
41,47
42,46
44,45
45,46
