50
0,6,3,10
1,8,3,10
2,3,3,10
3,5,3,10
4,4,3,10
5,4,3,10
6,4,3,10
7,5,3,10
8,6,3,10
9,7,3,10
10,6,3,10
11,8,3,10
12,4,3,10
13,9,3,10
14,3,3,10
15,8,3,10
16,6,3,10
17,7,3,10
18,4,3,10
19,4,3,10
20,9,3,10
21,10,3,10
22,5,3,10
23,8,3,10
24,9,3,10
25,9,3,10
26,4,3,10
27,3,3,10
28,4,3,10
29,9,3,10
30,4,3,10
31,6,3,10
32,10,3,10
33,7,3,10
34,8,3,10
35,5,3,10
36,8,3,10
37,9,3,10
38,3,3,10
39,8,3,10
40,10,3,10
41,8,3,10
42,5,3,10
43,9,3,10
44,4,3,10
45,6,3,10
46,9,3,10
47,5,3,10
48,5,3,10
49,4,3,10
49
0,1,2
48,49
47,49
46,49
1,3,4,10
3,5,11,13,48
2,6,8,25,29
4,7,31
7,9,16,18,37
11,12,30,39
12,14
5,15
6,17,19
9,20,27
17,21
21,22,46
22,23,24
14,26
23,28,33
20,32
16,34
15,35,41
8,36
27,38
36,40
13,42
35,43
18,44
40,45
44,47
10,24
19,30
24,40
25,47
26,35
28,31
29,39
30,40
31,48
32,40
33,35
34,38
37,47
38,45
39,44
41,42
42,46
43,47
45,47
