50
0,6,3,10
1,8,3,10
2,3,3,10
3,5,3,10
4,4,3,10
5,4,3,10
6,4,3,10
7,5,3,10
8,6,3,10
9,7,3,10
10,6,3,10
11,8,3,10
12,4,3,10
13,9,3,10
14,3,3,10
15,8,3,10
16,6,3,10
17,7,3,10
18,4,3,10
19,4,3,10
20,9,3,10
21,10,3,10
22,5,3,10
23,8,3,10
24,9,3,10
25,9,3,10
26,4,3,10
27,3,3,10
28,4,3,10
29,9,3,10
30,4,3,10
31,6,3,10
32,10,3,10
33,7,3,10
34,8,3,10
35,5,3,10
36,8,3,10
37,9,3,10
38,3,3,10
39,8,3,10
40,10,3,10
41,8,3,10
42,5,3,10
43,9,3,10
44,4,3,10
45,6,3,10
46,9,3,10
47,5,3,10
48,5,3,10
49,4,3,10
49
0,1,2
48,49
47,49
46,49
1,3,9
2,4,6,7,13,14
3,5,10,16
4,8,30
6,11,21,37
9,12,24,32
12,15
8,17,19,33,38
17,18,25
13,20,46
15,22
22,23
5,26
21,27
20,28,29,44
29,31
14,34
16,35
30,36
38,39
31,40
33,41
24,42
37,43
11,45
28,47,48
7,16
10,41
18,35
19,23
23,34
25,37
26,48
27,34
32,40
34,40
35,46
36,41
39,48
40,41
41,48
42,46
43,44
44,48
45,46
