50
0,6,3,10
1,8,3,10
2,3,3,10
3,5,3,10
4,4,3,10
5,4,3,10
6,4,3,10
7,5,3,10
8,6,3,10
9,7,3,10
10,6,3,10
11,8,3,10
12,4,3,10
13,9,3,10
14,3,3,10
15,8,3,10
16,6,3,10
17,7,3,10
18,4,3,10
19,4,3,10
20,9,3,10
21,10,3,10
22,5,3,10
23,8,3,10
24,9,3,10
25,9,3,10
26,4,3,10
27,3,3,10
28,4,3,10
29,9,3,10
30,4,3,10
31,6,3,10
32,10,3,10
33,7,3,10
34,8,3,10
35,5,3,10
36,8,3,10
37,9,3,10
38,3,3,10
39,8,3,10
40,10,3,10
41,8,3,10
42,5,3,10
43,9,3,10
44,4,3,10
45,6,3,10
46,9,3,10
47,5,3,10
48,5,3,10
49,4,3,10
49
0,1,2
48,49
47,49
46,49
1,3,4,9
4,5,6,17,24
5,7,10,11,16,41
3,8
11,12,22,38,44
9,13,27
7,14
14,15,26
2,18,31,39
18,19
8,20,21
21,23
6,25,34
27,28
19,29
17,30,33,42
24,32
29,35,46
10,36
12,37
22,40
42,43
13,45
32,47
40,48
15,33
16,19
20,42
23,36
25,40
26,37
28,41
30,32
31,44
33,37
34,35
35,38
36,38
37,40
38,43
39,45
41,47
43,45
44,45
45,48
