50
0,6,3,10
1,8,3,10
2,3,3,10
3,5,3,10
4,4,3,10
5,4,3,10
6,4,3,10
7,5,3,10
8,6,3,10
9,7,3,10
10,6,3,10
11,8,3,10
12,4,3,10
13,9,3,10
14,3,3,10
15,8,3,10
16,6,3,10
17,7,3,10
18,4,3,10
19,4,3,10
20,9,3,10
21,10,3,10
22,5,3,10
23,8,3,10
24,9,3,10
25,9,3,10
26,4,3,10
27,3,3,10
28,4,3,10
29,9,3,10
30,4,3,10
31,6,3,10
32,10,3,10
33,7,3,10
34,8,3,10
35,5,3,10
36,8,3,10
37,9,3,10
38,3,3,10
39,8,3,10
40,10,3,10
41,8,3,10
42,5,3,10
43,9,3,10
44,4,3,10
45,6,3,10
46,9,3,10
47,5,3,10
48,5,3,10
49,4,3,10
49
0,1,2
48,49
47,49
46,49
1,3,10,14,21,39
2,4,6,9,18,28,29
3,5
4,7
5,8,12,26
10,11,13
13,15,16
6,17,31
15,19
11,20,25
9,22,23,24,30
16,27
8,32,33
32,34
17,35,44
28,36,47
7,37,41,46
27,38,45
23,40
33,42
42,43
20,48
12,33
14,46
18,35
19,25
21,48
22,41
24,26
25,46
26,31
29,37
30,47
31,42
34,37
35,40
36,46
37,47
38,40
39,44
40,47
41,43
43,48
44,48
45,47
