50
0,6,3,10
1,8,3,10
2,3,3,10
3,5,3,10
4,4,3,10
5,4,3,10
6,4,3,10
7,5,3,10
8,6,3,10
9,7,3,10
10,6,3,10
11,8,3,10
12,4,3,10
13,9,3,10
14,3,3,10
15,8,3,10
16,6,3,10
17,7,3,10
18,4,3,10
19,4,3,10
20,9,3,10
21,10,3,10
22,5,3,10
23,8,3,10
24,9,3,10
25,9,3,10
26,4,3,10
27,3,3,10
28,4,3,10
29,9,3,10
30,4,3,10
31,6,3,10
32,10,3,10
33,7,3,10
34,8,3,10
35,5,3,10
36,8,3,10
37,9,3,10
38,3,3,10
39,8,3,10
40,10,3,10
41,8,3,10
42,5,3,10
43,9,3,10
44,4,3,10
45,6,3,10
46,9,3,10
47,5,3,10
48,5,3,10
49,4,3,10
49
0,1,2
48,49
47,49
46,49
2,3,5,14
1,4,8,9,19,28
4,6,10
3,7,11,20,23,24,35
11,12,25,30,32,37
10,13,31,38,41
9,15,39,46
6,16,21
5,17
13,18,40
16,22,44
12,26,45
8,27,42
18,29
7,33
14,34
17,36
20,43
26,47
37,48
15,40
19,27
21,29
22,24
23,32
24,40
25,39
27,39
28,40
29,45
30,43
31,47
32,48
33,46
34,40
35,40
36,40
38,47
39,45
40,42
41,42
42,47
43,45
44,45
45,48
