50
0,6,3,10
1,8,3,10
2,3,3,10
3,5,3,10
4,4,3,10
5,4,3,10
6,4,3,10
7,5,3,10
8,6,3,10
9,7,3,10
10,6,3,10
11,8,3,10
12,4,3,10
13,9,3,10
14,3,3,10
15,8,3,10
16,6,3,10
17,7,3,10
18,4,3,10
19,4,3,10
20,9,3,10
21,10,3,10
22,5,3,10
23,8,3,10
24,9,3,10
25,9,3,10
26,4,3,10
27,3,3,10
28,4,3,10
29,9,3,10
30,4,3,10
31,6,3,10
32,10,3,10
33,7,3,10
34,8,3,10
35,5,3,10
36,8,3,10
37,9,3,10
38,3,3,10
39,8,3,10
40,10,3,10
41,8,3,10
42,5,3,10
43,9,3,10
44,4,3,10
45,6,3,10
46,9,3,10
47,5,3,10
48,5,3,10
49,4,3,10
49
0,1,2
48,49
47,49
46,49
1,3,4,6,19,39
4,5,8,20,29
6,7,22,42
5,9,10,23
8,11,12,35
9,13
12,14
13,15,33
15,16,34
10,17,40,44
11,18,26,47
20,21
23,24
21,25,32
2,27
16,28,36,38
22,30
7,31
31,37
29,41
18,43
42,45
36,46
35,48
3,30
14,40
17,25
19,43
24,27
25,47
26,42
27,30
28,48
30,46
32,34
33,37
34,45
37,41
38,45
39,45
40,45
41,48
43,46
44,45
45,46
