50
0,6,3,10
1,8,3,10
2,3,3,10
3,5,3,10
4,4,3,10
5,4,3,10
6,4,3,10
7,5,3,10
8,6,3,10
9,7,3,10
10,6,3,10
11,8,3,10
12,4,3,10
13,9,3,10
14,3,3,10
15,8,3,10
16,6,3,10
17,7,3,10
18,4,3,10
19,4,3,10
20,9,3,10
21,10,3,10
22,5,3,10
23,8,3,10
24,9,3,10
25,9,3,10
26,4,3,10
27,3,3,10
28,4,3,10
29,9,3,10
30,4,3,10
31,6,3,10
32,10,3,10
33,7,3,10
34,8,3,10
35,5,3,10
36,8,3,10
37,9,3,10
38,3,3,10
39,8,3,10
40,10,3,10
41,8,3,10
42,5,3,10
43,9,3,10
44,4,3,10
45,6,3,10
46,9,3,10
47,5,3,10
48,5,3,10
49,4,3,10
49
0,1,2
48,49
47,49
46,49
1,3,4,5,18
5,6,11,21,25
6,7
4,8,15,19,23,45
8,9
3,10
2,12
9,13,17,20
13,14,22,29
12,16,43
20,24,26,42
17,27,30
7,28
15,31
18,32
23,33,34
22,35,38
31,36,39
21,37,47
24,40
38,41
27,44
39,46
40,48
10,42
11,40
14,28
16,30
19,28
25,34
26,34
28,44
29,32
30,44
32,35
33,42
34,47
35,47
36,48
37,45
41,42
42,46
43,44
44,46
45,46
