50
0,6,3,10
1,8,3,10
2,3,3,10
3,5,3,10
4,4,3,10
5,4,3,10
6,4,3,10
7,5,3,10
8,6,3,10
9,7,3,10
10,6,3,10
11,8,3,10
12,4,3,10
13,9,3,10
14,3,3,10
15,8,3,10
16,6,3,10
17,7,3,10
18,4,3,10
19,4,3,10
20,9,3,10
21,10,3,10
22,5,3,10
23,8,3,10
24,9,3,10
25,9,3,10
26,4,3,10
27,3,3,10
28,4,3,10
29,9,3,10
30,4,3,10
31,6,3,10
32,10,3,10
33,7,3,10
34,8,3,10
35,5,3,10
36,8,3,10
37,9,3,10
38,3,3,10
39,8,3,10
40,10,3,10
41,8,3,10
42,5,3,10
43,9,3,10
44,4,3,10
45,6,3,10
46,9,3,10
47,5,3,10
48,5,3,10
49,4,3,10
49
0,1,2
48,49
47,49
46,49
1,3,5,7,8
2,4,6,14
6,9
7,10
3,11,15
5,12,13,21,32,37
10,16,25,28
12,17
17,18,31
16,19
11,20,33,46
19,22,24,42
21,23,35
24,26,44
15,27
27,29
29,30
23,34,39
22,36
31,38
32,40
34,41
18,43,47
4,45
38,48
8,42
9,39
13,44
14,22
20,45
25,43
26,46
28,31
30,47
33,47
35,36
36,38
37,46
39,48
40,48
41,44
42,47
43,48
44,46
45,47
