50
0,6,3,10
1,8,3,10
2,3,3,10
3,5,3,10
4,4,3,10
5,4,3,10
6,4,3,10
7,5,3,10
8,6,3,10
9,7,3,10
10,6,3,10
11,8,3,10
12,4,3,10
13,9,3,10
14,3,3,10
15,8,3,10
16,6,3,10
17,7,3,10
18,4,3,10
19,4,3,10
20,9,3,10
21,10,3,10
22,5,3,10
23,8,3,10
24,9,3,10
25,9,3,10
26,4,3,10
27,3,3,10
28,4,3,10
29,9,3,10
30,4,3,10
31,6,3,10
32,10,3,10
33,7,3,10
34,8,3,10
35,5,3,10
36,8,3,10
37,9,3,10
38,3,3,10
39,8,3,10
40,10,3,10
41,8,3,10
42,5,3,10
43,9,3,10
44,4,3,10
45,6,3,10
46,9,3,10
47,5,3,10
48,5,3,10
49,4,3,10
49
0,1,2
48,49
47,49
46,49
1,3,7,19
3,4,22,33
4,5,6,8
2,9
8,10
10,11,27,43
9,12,13
11,14
6,15,23,25
5,16
13,17,18,46
12,20,26,31,32,48
19,21,24,29
24,28
27,30
14,34
17,35,47
30,36
32,37,39
22,38
18,40
36,41
7,42
29,44
31,45
15,17
16,35
20,23
21,45
23,30
25,32
26,29
28,41
33,45
34,45
35,37
37,38
38,41
39,42
40,45
41,42
42,44
43,44
44,45
45,49
