50
0,6,3,10
1,8,3,10
2,3,3,10
3,5,3,10
4,4,3,10
5,4,3,10
6,4,3,10
7,5,3,10
8,6,3,10
9,7,3,10
10,6,3,10
11,8,3,10
12,4,3,10
13,9,3,10
14,3,3,10
15,8,3,10
16,6,3,10
17,7,3,10
18,4,3,10
19,4,3,10
20,9,3,10
21,10,3,10
22,5,3,10
23,8,3,10
24,9,3,10
25,9,3,10
26,4,3,10
27,3,3,10
28,4,3,10
29,9,3,10
30,4,3,10
31,6,3,10
32,10,3,10
33,7,3,10
34,8,3,10
35,5,3,10
36,8,3,10
37,9,3,10
38,3,3,10
39,8,3,10
40,10,3,10
41,8,3,10
42,5,3,10
43,9,3,10
44,4,3,10
45,6,3,10
46,9,3,10
47,5,3,10
48,5,3,10
49,4,3,10
49
0,1,2
48,49
47,49
46,49
1,3,4,5,8,16,26
5,6,14
6,7,9,13,19
3,10
4,11,31,34,39
10,12,38
13,15
2,17,20,28
11,18,36
8,21,22
16,23
15,24
19,25,42
23,27,37
17,29
27,30
31,32
9,33
30,35
33,40,47
37,41
18,43,45
43,44
22,46
40,48
7,31
12,43
14,47
20,38
21,32
24,41
25,34
26,44
28,46
29,31
32,46
34,37
35,43
36,44
38,40
39,46
41,46
42,45
44,47
45,46
