50
0,6,3,10
1,8,3,10
2,3,3,10
3,5,3,10
4,4,3,10
5,4,3,10
6,4,3,10
7,5,3,10
8,6,3,10
9,7,3,10
10,6,3,10
11,8,3,10
12,4,3,10
13,9,3,10
14,3,3,10
15,8,3,10
16,6,3,10
17,7,3,10
18,4,3,10
19,4,3,10
20,9,3,10
21,10,3,10
22,5,3,10
23,8,3,10
24,9,3,10
25,9,3,10
26,4,3,10
27,3,3,10
28,4,3,10
29,9,3,10
30,4,3,10
31,6,3,10
32,10,3,10
33,7,3,10
34,8,3,10
35,5,3,10
36,8,3,10
37,9,3,10
38,3,3,10
39,8,3,10
40,10,3,10
41,8,3,10
42,5,3,10
43,9,3,10
44,4,3,10
45,6,3,10
46,9,3,10
47,5,3,10
48,5,3,10
49,4,3,10
49
0,1,2
48,49
47,49
46,49
2,3,5,8,20,22,26
3,4,11
5,6,25,37
6,7
8,9,18,28
7,10,16
4,12,21,29
11,13,30
13,14,17,19
1,15,44
16,23,24
21,27,39
30,31
23,32
10,33
14,34
19,35,36
29,38,41
28,40
41,42
34,43
15,45
25,46
27,47
31,48
9,15
12,40
17,31
18,29
20,35
22,44
24,30
26,37
32,47
33,35
35,38
36,45
37,40
38,44
39,47
40,45
42,48
43,48
44,45
45,46
