50
0,6,3,10
1,8,3,10
2,3,3,10
3,5,3,10
4,4,3,10
5,4,3,10
6,4,3,10
7,5,3,10
8,6,3,10
9,7,3,10
10,6,3,10
11,8,3,10
12,4,3,10
13,9,3,10
14,3,3,10
15,8,3,10
16,6,3,10
17,7,3,10
18,4,3,10
19,4,3,10
20,9,3,10
21,10,3,10
22,5,3,10
23,8,3,10
24,9,3,10
25,9,3,10
26,4,3,10
27,3,3,10
28,4,3,10
29,9,3,10
30,4,3,10
31,6,3,10
32,10,3,10
33,7,3,10
34,8,3,10
35,5,3,10
36,8,3,10
37,9,3,10
38,3,3,10
39,8,3,10
40,10,3,10
41,8,3,10
42,5,3,10
43,9,3,10
44,4,3,10
45,6,3,10
46,9,3,10
47,5,3,10
48,5,3,10
49,4,3,10
49
0,1,2
48,49
47,49
46,49
1,3,4,9,19,41
2,5,12,17
4,6,46
6,7,14,39
5,8,10,13,16,45
7,11,18
13,15
10,20,22,25,42
20,21,37
14,23
21,24,31,40
9,26
19,27,38
26,28
15,29
28,30
16,32
27,33,34,48
33,35
8,36
31,43
40,44
44,47
3,31
11,12
12,15
17,48
18,21
22,47
23,45
24,35
25,44
29,33
30,45
32,42
34,36
35,36
36,44
37,40
38,48
39,47
41,48
42,47
43,48
45,47
