50
0,6,3,10
1,8,3,10
2,3,3,10
3,5,3,10
4,4,3,10
5,4,3,10
6,4,3,10
7,5,3,10
8,6,3,10
9,7,3,10
10,6,3,10
11,8,3,10
12,4,3,10
13,9,3,10
14,3,3,10
15,8,3,10
16,6,3,10
17,7,3,10
18,4,3,10
19,4,3,10
20,9,3,10
21,10,3,10
22,5,3,10
23,8,3,10
24,9,3,10
25,9,3,10
26,4,3,10
27,3,3,10
28,4,3,10
29,9,3,10
30,4,3,10
31,6,3,10
32,10,3,10
33,7,3,10
34,8,3,10
35,5,3,10
36,8,3,10
37,9,3,10
38,3,3,10
39,8,3,10
40,10,3,10
41,8,3,10
42,5,3,10
43,9,3,10
44,4,3,10
45,6,3,10
46,9,3,10
47,5,3,10
48,5,3,10
49,4,3,10
49
0,1,2
48,49
47,49
46,49
1,3,5
2,4,8,37,44
3,6,7,14
8,9,19
6,10,48
10,11,15,27
5,12,17
4,13,21,29,33
7,16,25
16,18
12,20,24,41
11,22
14,23,40
13,26,31
15,28
9,30
23,32
22,34
26,35
33,36,43
18,38
28,39
32,42
36,45
37,46
31,47
17,32
19,21
20,33
21,28
24,40
25,36
27,43
29,36
30,41
34,44
35,40
38,41
39,47
40,47
41,47
42,45
43,47
44,47
45,46
