50
0,6,3,10
1,8,3,10
2,3,3,10
3,5,3,10
4,4,3,10
5,4,3,10
6,4,3,10
7,5,3,10
8,6,3,10
9,7,3,10
10,6,3,10
11,8,3,10
12,4,3,10
13,9,3,10
14,3,3,10
15,8,3,10
16,6,3,10
17,7,3,10
18,4,3,10
19,4,3,10
20,9,3,10
21,10,3,10
22,5,3,10
23,8,3,10
24,9,3,10
25,9,3,10
26,4,3,10
27,3,3,10
28,4,3,10
29,9,3,10
30,4,3,10
31,6,3,10
32,10,3,10
33,7,3,10
34,8,3,10
35,5,3,10
36,8,3,10
37,9,3,10
38,3,3,10
39,8,3,10
40,10,3,10
41,8,3,10
42,5,3,10
43,9,3,10
44,4,3,10
45,6,3,10
46,9,3,10
47,5,3,10
48,5,3,10
49,4,3,10
49
0,1,2
48,49
47,49
46,49
2,3,12,28,37
3,4,5,8,15,17,18,43
1,6,36
4,7,19,20,30
5,9,13,39
8,10,24
10,11
7,14,42,44
9,16,29,34
13,21,41
20,22,32,38
11,23
23,25
14,26
15,27,46
25,31
17,33
31,35
32,40
21,45,48
27,47
6,39
12,24
16,44
18,29
19,42
22,44
24,26
26,31
28,47
29,38
30,31
33,38
34,38
35,39
36,38
37,48
38,47
39,45
40,42
41,44
42,46
43,47
44,45
45,46
