50
0,6,3,10
1,8,3,10
2,3,3,10
3,5,3,10
4,4,3,10
5,4,3,10
6,4,3,10
7,5,3,10
8,6,3,10
9,7,3,10
10,6,3,10
11,8,3,10
12,4,3,10
13,9,3,10
14,3,3,10
15,8,3,10
16,6,3,10
17,7,3,10
18,4,3,10
19,4,3,10
20,9,3,10
21,10,3,10
22,5,3,10
23,8,3,10
24,9,3,10
25,9,3,10
26,4,3,10
27,3,3,10
28,4,3,10
29,9,3,10
30,4,3,10
31,6,3,10
32,10,3,10
33,7,3,10
34,8,3,10
35,5,3,10
36,8,3,10
37,9,3,10
38,3,3,10
39,8,3,10
40,10,3,10
41,8,3,10
42,5,3,10
43,9,3,10
44,4,3,10
45,6,3,10
46,9,3,10
47,5,3,10
48,5,3,10
49,4,3,10
49
0,1,2
48,49
47,49
46,49
1,3,6,26,37
2,4,5,14,24
6,7,36
7,8,32,35
8,9,11,40
4,10,44
9,12,13
14,15,20
12,16,18
15,17,28
11,19,21
3,22
21,23,25
5,27,48
28,29
22,30,47
17,31,33
29,34
19,38,43,46
32,39
26,41
18,42
39,45
10,41
13,17
16,38
20,26
23,48
24,37
25,43
27,38
30,40
31,44
33,42
34,35
35,47
36,48
37,43
38,41
40,44
41,42
42,47
43,45
44,48
45,48
