50
0,6,3,10
1,8,3,10
2,3,3,10
3,5,3,10
4,4,3,10
5,4,3,10
6,4,3,10
7,5,3,10
8,6,3,10
9,7,3,10
10,6,3,10
11,8,3,10
12,4,3,10
13,9,3,10
14,3,3,10
15,8,3,10
16,6,3,10
17,7,3,10
18,4,3,10
19,4,3,10
20,9,3,10
21,10,3,10
22,5,3,10
23,8,3,10
24,9,3,10
25,9,3,10
26,4,3,10
27,3,3,10
28,4,3,10
29,9,3,10
30,4,3,10
31,6,3,10
32,10,3,10
33,7,3,10
34,8,3,10
35,5,3,10
36,8,3,10
37,9,3,10
38,3,3,10
39,8,3,10
40,10,3,10
41,8,3,10
42,5,3,10
43,9,3,10
44,4,3,10
45,6,3,10
46,9,3,10
47,5,3,10
48,5,3,10
49,4,3,10
49
0,1,2
48,49
47,49
46,49
2,3,7,16,32,43
1,4,6,17,37
3,5,12,15,18
4,8,11,24,29,45
6,9
7,10,22
8,13
10,14,27,33
16,19
12,20
11,21
5,23
19,25,36,40
25,26
20,28
18,30
14,31
28,34
24,35,48
32,38,41
34,39
27,42
37,44
40,46
39,47
9,25
13,22
15,35
17,35
21,44
22,27
23,28
26,41
29,32
30,40
31,40
33,38
35,38
36,37
38,40
41,44
42,48
43,45
44,48
45,47
